train_condition	heldout_condition	cell_id	dominant_state	entropy	resident	inflammatory	myofibroblast	ECM-remodeling	antigen-presenting	IFN-stress
disease	normal	Dryad_normal_mammary_CAATGACCAGCGAACA	resident	1.01483686948252	0.620404747983505	0.192157460787322	0.154586906381732	9.9918322845118e-05	2.57981338156643e-05	0.0327251683907794
disease	normal	Dryad_normal_mammary_AGGTTACAGACACACG	IFN-stress	1.25144389282155	0.256416663994641	0.0645766230312489	0.000443578896849939	0.000576343260161198	0.266523270268247	0.411463520548852
disease	normal	Dryad_normal_mammary_CAACAACGTACTCGCG	resident	1.1022059044764	0.518742445894302	0.217654654938994	0.240672700799434	4.17771455376877e-05	2.17007771672004e-05	0.0228667204445643
disease	normal	Dryad_normal_mammary_GAGACCCTCCACGTCT	IFN-stress	1.15010138981178	0.0733216562812664	0.166057427472586	0.00501764630152937	0.000240424845300453	0.184457044628657	0.570905800470661
disease	normal	Dryad_normal_mammary_GGTGTCGCAAGTGATA	resident	1.16590558109188	0.561873357239009	0.188697300895698	0.000201889679287522	0.00253868128806148	0.0966359870546677	0.150052783843277
disease	normal	Dryad_normal_mammary_TGCATGATCCAAGCTA	resident	1.29350863610658	0.398041594495507	0.0071224760206053	0.071168612282527	0.000223490464025236	0.260949659800291	0.262494166937044
disease	normal	Dryad_normal_mammary_GGTCACGCATGACCCG	resident	1.24918321372808	0.461160822060598	0.192929864693056	0.281476949575823	0.0207784195502226	0.000109647935325949	0.043544296184975
disease	normal	Dryad_normal_mammary_TGAGGGAAGCACGTCC	resident	1.1570884232878	0.497450045617407	0.302985242853016	0.135211585958407	7.76201863188739e-05	3.03153846541576e-05	0.0642451900001974
disease	normal	Dryad_normal_mammary_TCCTAATTCTTACTGT	resident	1.27398264822988	0.449442327580957	0.2162996786691	0.239999210178948	8.69247540946176e-05	0.00432684653598977	0.0898450122809101
disease	normal	Dryad_normal_mammary_GTTAGTGTCTTTCTAG	resident	1.04441181598944	0.594549528250172	0.228895182453949	0.000253108644111508	0.000718507101904767	0.14246406513256	0.0331196084173036
disease	normal	Dryad_normal_mammary_ACACGCGAGCTCACTA	resident	1.24367920618649	0.405094840095546	0.0652012858761992	0.000314295494226847	0.000762417650784903	0.319964646931137	0.208662513952106
disease	normal	Dryad_normal_mammary_AGAAATGGTCATCAGT	resident	1.34760732794532	0.373095384966735	0.238551392626752	0.000336802289459179	0.000218209714232928	0.170611546852468	0.217186663550353
disease	normal	Dryad_normal_mammary_TTTGATCGTAAGATAC	resident	1.06362724091292	0.627785189982164	0.0892094075111797	0.000106030147156346	0.000202313405656919	0.143625997914369	0.139071061039473
disease	normal	Dryad_normal_mammary_CACAGGCCAGAGAGGG	resident	1.47715309398379	0.339631535025904	0.213989339831172	0.0633293343090802	0.000618934474550267	0.114634384484825	0.267796471874469
disease	normal	Dryad_normal_mammary_TCCATGCCATACAGCT	antigen-presenting	1.45318183836583	0.264633258362522	0.225356907140957	0.0189788800882627	0.000531721614288255	0.272604118079065	0.217895114714905
disease	normal	Dryad_normal_mammary_AGATGAACATTCTCCG	resident	1.24891689058924	0.427073190232921	0.257602686678931	0.242145460354025	0.000159855307879104	2.9753061458703e-05	0.0729890543647851
disease	normal	Dryad_normal_mammary_GCCGATGCACACCGCA	resident	0.956828931782561	0.649558870020304	0.19548940023817	0.130407454483696	0.000115708448693024	1.18204533921402e-05	0.0244167463557446
disease	normal	Dryad_normal_mammary_GATCGTAAGTCCTGCG	resident	1.29678067884241	0.498719421249034	0.245530068959758	0.138787091402237	0.0676674218630817	3.86745745228662e-05	0.049257321951366
disease	normal	Dryad_normal_mammary_TGGTGATCAGGTCAGA	resident	0.882496772944827	0.654625572847157	0.151607544427747	0.193629085829171	1.48189891675657e-06	1.70469299894807e-08	0.000136297950077888
disease	normal	Dryad_normal_mammary_TAGAGTCAGCACCCAC	resident	1.30687030423016	0.431395033965281	0.205976844788652	0.000202930187933182	0.000194688770712867	0.206474237249065	0.155756265038355
disease	normal	Dryad_normal_mammary_GTCATTTGTCGCGGTT	myofibroblast	1.17319414952277	0.27129076904703	0.101790075264073	0.515171589912526	3.7389222909741e-06	7.01523257973786e-06	0.111736811621501
disease	normal	Dryad_normal_mammary_GTAACCAGTGGTCAAG	myofibroblast	0.996020555163502	0.306785440433726	0.0724937512708065	0.581313225680549	5.79982366330859e-05	6.60840522846033e-06	0.0393429759730572
disease	normal	Dryad_normal_mammary_AGTGTTGCAGAGGTAC	resident	1.27146869586933	0.531447854613828	0.206245445045804	0.0447560193536058	0.000487522491442767	0.14824200115529	0.0688211573400287
disease	normal	Dryad_normal_mammary_TGCATCCGTGCTCGTG	resident	1.20784455231047	0.404834157977245	0.118352985449501	0.383955865487332	9.21351351508569e-05	2.51481427518569e-05	0.0927397078080191
disease	normal	Dryad_normal_mammary_GATGGAGTCGGTTGTA	myofibroblast	1.27690914296982	0.328343779131238	0.148022295079431	0.398130113616581	0.000105513684901757	5.2370649985045e-05	0.125345927837864
disease	normal	Dryad_normal_mammary_TCATGTTTCGACACTA	resident	1.37955507671452	0.455033810245806	0.240230763539672	0.19588897391563	0.0437622187533777	0.0283706898635797	0.0367135436819344
disease	normal	Dryad_normal_mammary_GTGGAAGAGGCAGCTA	resident	1.00357914542914	0.657860372972638	0.118373932353489	0.158225918905212	0.000862990830874815	7.33055137148397e-05	0.0646034794240707
disease	normal	Dryad_normal_mammary_TGACAGTCACATCCCT	antigen-presenting	1.3378213993927	0.166307787758358	0.187518638050069	0.00029704443464444	0.000294035518386837	0.377154325182039	0.268428169056503
disease	normal	Dryad_normal_mammary_GTGGGAAGTAGGTCAG	resident	1.10230517318037	0.470142641861007	0.178396507321026	0.333579875648836	0.000315790503180422	2.66814100911394e-05	0.0175385032558595
disease	normal	Dryad_normal_mammary_GTGGAGATCTTCCACG	resident	1.09525128713799	0.557402645698894	0.276246197669215	0.0723674122186796	0.000125552853753389	0.00011067435438351	0.0937475172050745
disease	normal	Dryad_normal_mammary_AGGCTGCCAGCGAGTA	resident	1.10417829447099	0.534568032315353	0.276604270828596	0.148815397849092	0.000268433614755098	2.9405111760012e-07	0.0397435713410868
disease	normal	Dryad_normal_mammary_AGAACAATCCCGTGAG	resident	1.37759326729671	0.403674651803093	0.263598017993227	0.0389655599534377	0.23897868121663	0.0151588291511926	0.0396242598824192
disease	normal	Dryad_normal_mammary_CCTCTCCTCGCACGAC	antigen-presenting	1.30091090237765	0.19851238168697	0.111978368361805	0.000145029563493223	0.00027009818620305	0.376585242746625	0.312508879454904
disease	normal	Dryad_normal_mammary_GATGAGGGTACCGGCT	resident	1.13361452094388	0.517271410853976	0.198515395790051	0.245672184582528	0.000153948186023412	3.781788127505e-05	0.0383492427061459
disease	normal	Dryad_normal_mammary_AAGGTAAAGTGCAGGT	resident	1.11962861576069	0.487589618139606	0.233468793834213	0.258829498092082	0.000204124618183628	3.18105057606307e-05	0.0198761548101541
disease	normal	Dryad_normal_mammary_TGCTGAAGTATTTCTC	resident	1.10291805730185	0.582429974797659	0.222458116905401	0.108582022927074	0.000103870768904338	8.43780657820688e-06	0.0864175767943837
disease	normal	Dryad_normal_mammary_CGATGCGCATATTCGG	resident	1.03806022881523	0.499183763050767	0.274169298863312	0.226644257652055	2.16595307919822e-09	7.0494211314718e-15	2.67826790527252e-06
disease	normal	Dryad_normal_mammary_ACTTTGTGTCGAGCAA	resident	1.01708931113067	0.527281189283055	0.19915478339397	0.273066278806234	3.91861515563861e-07	1.04698307467875e-06	0.000496309672151804
disease	normal	Dryad_normal_mammary_GGTCACGAGGTCGTCC	resident	1.25840212219482	0.485950705315568	0.188721753781422	0.000203092974753338	0.000278082711939777	0.177499180166675	0.147347185049642
disease	normal	Dryad_normal_mammary_CATACTTCAAAGACGC	resident	1.19234121934289	0.540076567139476	0.178966706923909	0.000132572471870116	0.000108091033794838	0.12508449647518	0.15563156595577
disease	normal	Dryad_normal_mammary_ATCGTAGGTCCTGAAT	resident	1.28252204809637	0.458049878365946	0.153927246789766	0.000176001929204851	0.000281409118273515	0.217771012514316	0.169794451282494
disease	normal	Dryad_normal_mammary_CCCTCAAGTGTCGCTG	resident	1.17594733920142	0.483803603245476	0.262468299842145	0.205102852901071	0.00021204898960237	3.16884327184363e-05	0.048381506588987
disease	normal	Dryad_normal_mammary_CCGGACAAGTTTGAGA	resident	0.901050900641875	0.641061925971923	0.205350878692905	0.153127663437228	0.000444783131046392	7.19877011725648e-15	1.4748766889963e-05
disease	normal	Dryad_normal_mammary_TCACACCGTAACATGA	resident	1.02849509780704	0.697580907806795	0.121089087888701	0.0418585435858987	0.00960555743782648	0.0386619537586644	0.0912039495221144
disease	normal	Dryad_normal_mammary_CTCAATTTCGAGGCAA	resident	1.33544879541968	0.458399462694619	0.273445253176154	0.127447812885191	0.000186496317558673	0.0394479050932866	0.10107306983319
disease	normal	Dryad_normal_mammary_TCACATTCAATTGCAC	resident	1.19617927314129	0.513354118322953	0.240201507602087	0.147836059782763	2.53586535747173e-05	3.17639038247259e-07	0.0985826379995839
disease	normal	Dryad_normal_mammary_CGACAGCCAGCGTGAA	resident	1.34053540149705	0.390671623433418	0.193686600247222	0.000164251613620891	0.000195946103658499	0.217783953456173	0.197497625145907
disease	normal	Dryad_normal_mammary_ACTCTCGCACTCCTTG	resident	1.36939221472573	0.31431783429385	0.188881661770805	0.000360454565029552	9.02930717794593e-05	0.2819203415068	0.214429414791737
disease	normal	Dryad_normal_mammary_ATACCGAAGAGTTGTA	resident	1.23602201979087	0.460618740565455	0.273418481203949	0.204283667885198	0.00021380548139775	0.00963902389001389	0.0518262809739866
disease	normal	Dryad_normal_mammary_TTGCGTCGTCACATTG	resident	1.04038805212248	0.500177184925858	0.227410238071549	0.272059510812879	3.67067471386642e-05	9.22855657355873e-08	0.000316267157009241
disease	normal	Dryad_normal_mammary_GAGTGTTCAGAGGACT	resident	1.26339141152958	0.462845907726111	0.117074153982636	0.230502076470312	0.189284033892565	1.5923157545016e-08	0.000293812005218208
disease	normal	Dryad_normal_mammary_ACTATGGTCACTGATG	resident	1.44206069864968	0.409516186739122	0.277036669925739	0.174745010564797	0.0516548941374238	0.023179498549151	0.0638677400837665
disease	normal	Dryad_normal_mammary_ACATGCAGTAGCGCTC	resident	1.32571222535099	0.40772041804886	0.231493160750434	0.000203807956367112	0.000241983311165326	0.17545549121793	0.184885138715244
disease	normal	Dryad_normal_mammary_GAGACTTTCTTGAGCA	resident	1.03863563598525	0.605747428060617	0.172459373752562	0.186545487879545	8.54987187028538e-05	1.41211031811951e-05	0.035148090485392
disease	normal	Dryad_normal_mammary_GGGCTACTCATCCCGT	resident	1.18378285230752	0.517171902437161	0.256096254847077	0.103358269223797	0.00014200568500741	6.57471414849082e-06	0.123224993092809
disease	normal	Dryad_normal_mammary_CCCAACTCACTAGGCC	IFN-stress	1.49237821887475	0.209386391754356	0.115950749518797	0.000288672936450444	0.0922922848261753	0.205421833356352	0.37666006760787
disease	normal	Dryad_normal_mammary_TGATCAGTCAACCCGG	resident	1.5603270203897	0.397271232661876	0.237170368224495	0.125480215797777	0.0823038142461174	0.112050602883893	0.0457237661858421
disease	normal	Dryad_normal_mammary_AAAGTGACAGACCAGA	resident	1.45016134554201	0.382169605055841	0.281769954225582	0.150669703981254	0.101113873544301	3.48232163058961e-05	0.0842420399767159
disease	normal	Dryad_normal_mammary_CCACCATGTGGACTGA	resident	1.03478584762128	0.479578440168391	0.191207288341671	0.32919033349283	4.4459326577079e-06	3.07155197692178e-10	1.94917572951098e-05
disease	normal	Dryad_normal_mammary_CCAATTTGTCCACTTC	resident	1.22894152904755	0.476809458996842	0.203238339555113	0.234019701753512	0.000113845854003833	3.67112075533479e-05	0.085781942632975
disease	normal	Dryad_normal_mammary_GGTTCTCAGTACAACA	resident	1.13682588156556	0.464959505407393	0.297227709477379	0.213744829981796	7.32129499425553e-05	1.78009978543126e-05	0.0239769411856356
disease	normal	Dryad_normal_mammary_TGTAGACAGACAACTA	resident	1.28072173953818	0.495316056706013	0.239742848724161	0.000146303716736524	0.0277015905252176	0.161457972945832	0.0756352273820401
disease	normal	Dryad_normal_mammary_GGGTATTTCGGCATCG	resident	1.07034413777998	0.452013920438887	0.2735585215315	0.274181288157531	1.08939109781179e-08	1.09072401723104e-07	0.000246149905769657
disease	normal	Dryad_normal_mammary_TTGGGTAAGGAGAGTA	resident	1.27914132313463	0.459470568290838	0.203352889391702	0.000159992086532163	0.000405968032909254	0.135378294493648	0.201232287704371
disease	normal	Dryad_normal_mammary_TTTAGTCAGTTGCGCC	resident	1.1094750986027	0.538061952525544	0.183509255559186	0.24195569836762	5.16789519761962e-05	4.72291678575588e-05	0.0363741854278171
disease	normal	Dryad_normal_mammary_ATGCGATTCAAGGACG	resident	1.25294531751671	0.454515604548183	0.308345923837219	0.146587882101978	0.0799670274709236	2.16222252677251e-05	0.010561939816429
disease	normal	Dryad_normal_mammary_CAGTTAGCATCGAACT	resident	1.12590136720633	0.506465551427142	0.27310699356658	0.18795508173638	0.000214892736247381	1.44849202528245e-05	0.0322429956133983
disease	normal	Dryad_normal_mammary_CTCCTTTTCCACTGAA	IFN-stress	1.36490157104793	0.261638956005815	0.178059646422599	0.000128903042100113	0.000137705417276361	0.231592672223129	0.32844211688908
disease	normal	Dryad_normal_mammary_TGCTGAACAAGAGATT	IFN-stress	1.28801571758768	0.327462230257354	0.118943464897188	0.000223614098630647	0.000474351739473074	0.163890223684859	0.389006115322495
disease	normal	Dryad_normal_mammary_ATGTCTTCACGGTGCT	resident	1.70019937284075	0.313061430281905	0.15923490312551	0.143488924363262	0.0688992029271399	0.143142263716888	0.172173275585295
disease	normal	Dryad_normal_mammary_TCACGCTAGCCTAACT	resident	1.20643955310835	0.539991906257137	0.209387270163972	0.122532443833783	5.56994251886805e-05	0.00637885568208328	0.121653824637836
disease	normal	Dryad_normal_mammary_GACGTTATCAGGTAAA	resident	1.02252387985313	0.517207022662665	0.200920636781189	0.2816158758807	2.66822030257546e-05	4.88691401903603e-07	0.000229293781019215
disease	normal	Dryad_normal_mammary_GATCGTAAGATTGACA	resident	1.41700202548536	0.429883272563184	0.264865784196362	0.104660664499769	0.129478411476246	0.00328276381879577	0.0678291034456443
disease	normal	Dryad_normal_mammary_GGTGTTAGTGTCATTG	resident	1.36075907926806	0.487258296044942	0.147623328298221	0.000406904931550269	0.077777630262527	0.208840165519118	0.078093674943642
disease	normal	Dryad_normal_mammary_TGGGCGTAGAGCTGAC	resident	1.26042601236088	0.511018034266828	0.270553737261994	0.0937578046050092	0.0794441133559179	6.6824538621754e-05	0.0451594859716286
disease	normal	Dryad_normal_mammary_TGGGCGTTCCTGTACC	resident	1.1222549881135	0.487951284472509	0.243604279322363	0.247955448769496	0.000565409138655366	1.03785882702806e-05	0.019913199708707
disease	normal	Dryad_normal_mammary_AGCCAGCAGACTCCGC	resident	1.04171862332469	0.626297587567348	0.18173116523431	0.129987778891104	0.000168132690014028	1.36204051460284e-06	0.0618139735767091
disease	normal	Dryad_normal_mammary_AGATAGAGTCACAGAG	resident	1.14733245138467	0.432631927277931	0.278882424673894	0.270811164608123	0.000911113622607527	3.67417976358944e-06	0.0167596956376812
disease	normal	Dryad_normal_mammary_CCGTGAGGTCTGCCTT	IFN-stress	1.36395975147634	0.266756556790488	0.206260006089462	0.00031373392014074	0.000304087686512373	0.187989833466259	0.338375782047138
disease	normal	Dryad_normal_mammary_CACGGGTCATGACGGA	resident	1.01375433270255	0.61156403813628	0.178499197000407	0.184504884893613	2.77038917255958e-05	1.66608012863094e-06	0.0254025099978455
disease	normal	Dryad_normal_mammary_TGGATGTCAAAGGCTG	resident	1.20017198089298	0.47695385256754	0.306167679903757	0.119949518338701	0.0962406801143102	2.84108215353596e-07	0.000687984967477104
disease	normal	Dryad_normal_mammary_CCTCAACAGATCACCT	antigen-presenting	1.33749582220195	0.207029676345506	0.135867927792266	0.00432563089650976	0.000304484037667146	0.399562552910228	0.252909728017824
disease	normal	Dryad_normal_mammary_TCGCTTGAGTAGTGCG	resident	1.03207329230675	0.494641851416788	0.309617810773657	0.195548518457155	5.70398487876223e-05	2.63654882478654e-11	0.000134779477246825
disease	normal	Dryad_normal_mammary_TTCCTCTCAATGCAGG	resident	0.718604149639517	0.776319717392586	0.0242376827329578	0.000142112343995001	0.000201563343408407	0.1531347083266	0.0459642158604528
disease	normal	Dryad_normal_mammary_TTCACCGCATCGGCCA	resident	0.977232041423862	0.578700086650582	0.195731514317913	0.224726496705876	1.86633360618731e-07	1.28027684257278e-06	0.000840435415425435
disease	normal	Dryad_normal_mammary_GGTTAACTCGCCAGTG	resident	1.21793313765059	0.485218419103963	0.244749787329593	0.18590023079329	0.000149206260974337	4.95123330435555e-05	0.083932844179135
disease	normal	Dryad_normal_mammary_TACCCGTCACTCACTC	resident	0.780914135194593	0.721226041521994	0.167013560110741	0.000152464357166494	3.49520030885628e-06	2.14744523059385e-05	0.111582964357484
disease	normal	Dryad_normal_mammary_CGGGTGTGTTTCGTGA	resident	1.20222694579743	0.534176528280258	0.146435639266882	0.000155998645566619	0.000298775752742595	0.136315088683695	0.182617969370855
disease	normal	Dryad_normal_mammary_CAGATCAAGCCGATAG	resident	1.21748365990658	0.4572928796484	0.290770957714218	0.178153634397738	0.00011508138719349	1.73493043677535e-08	0.0736674295031458
disease	normal	Dryad_normal_mammary_TTAGTCTTCGACGCTG	resident	1.24532788826551	0.546955389052416	0.177134143386779	0.168097951809159	0.0719616241964673	3.16406574709282e-05	0.0358192508977075
disease	normal	Dryad_normal_mammary_AATGGCTCATAAGCAA	IFN-stress	1.53724006599964	0.183803096954661	0.158026325436139	0.0912258951994861	0.000244164377314412	0.268551138971237	0.298149379061163
disease	normal	Dryad_normal_mammary_TGAACGTCACACACTA	resident	1.31932902952583	0.428726777003766	0.308456789796178	0.149046297207011	0.00130341033752747	0.0218028116720347	0.090663913983483
disease	normal	Dryad_normal_mammary_CCTGTTGGTACTTGTG	resident	1.11834498601256	0.527562758189013	0.175755851428301	0.258484791339386	0.000126408276862563	1.42225155157944e-05	0.0380559682509219
disease	normal	Dryad_normal_mammary_CGAGGAAGTTAGTTCG	resident	0.999431177899814	0.619675209010774	0.1914917667895	0.165285379344745	6.52816819046837e-05	1.29722995829348e-05	0.0234693908734945
disease	normal	Dryad_normal_mammary_GCGGAAACACTCAGAT	resident	1.06643785576108	0.448949772424708	0.229694689138916	0.320783841845616	1.793350401136e-07	3.12586484209541e-06	0.000568391390877764
disease	normal	Dryad_normal_mammary_ACAGAAAGTACCCGAC	resident	1.16006136991781	0.431755000091189	0.162322819871005	0.363702050896144	0.000120228434776775	2.31356183892934e-08	0.042099877571267
disease	normal	Dryad_normal_mammary_AGGTCTATCACCATAG	resident	1.14559975718741	0.527619356101888	0.204114077298836	0.218212329144421	0.000256419390401914	2.47333323959752e-05	0.049773084732058
disease	normal	Dryad_normal_mammary_AACGGGAAGCATGCGA	antigen-presenting	1.3726095543059	0.274286544033687	0.177310502939104	0.000184398067283596	0.000298854403273522	0.29940410640183	0.248515594154822
disease	normal	Dryad_normal_mammary_TACTGCCGTAGGAGGG	resident	0.947075089891238	0.601840405608588	0.220602608247239	0.177423243398224	2.29526327746237e-05	1.54913371900701e-06	0.000109240979455363
disease	normal	Dryad_normal_mammary_GGTGGCTAGTTCCTGA	resident	1.17986678074754	0.427668195395763	0.213789724391845	0.321846423143483	6.42801571930616e-05	1.72488513814874e-05	0.036614128060335
disease	normal	Dryad_normal_mammary_TACAACGGTCCGGCAT	resident	1.00351740906374	0.645424401051682	0.165056720808592	0.142150141970035	0.000242187775187843	3.33472220448614e-05	0.0470932011724577
disease	normal	Dryad_normal_mammary_TGGAACTCAATGGCAG	resident	1.32118575165923	0.327800026446994	0.107816609328839	0.000142236213196901	0.000190266771161237	0.262086395737945	0.301964465501863
disease	normal	Dryad_normal_mammary_GTAACACTCTCCATAT	IFN-stress	1.19005002063792	0.109510427149935	0.377654609134074	0.00168058334529868	0.000201581245586039	0.0816892329123822	0.429263566212724
disease	normal	Dryad_normal_mammary_TTCACCGTCGCTCCTA	resident	0.983217153564366	0.647889647749017	0.160384693417616	0.157010667469932	0.000173756061156989	2.3731384533255e-06	0.0345388621638248
disease	normal	Dryad_normal_mammary_AGGTGTTGTCCCACGA	resident	1.26018424215493	0.47770162007335	0.261779279360575	0.145559044597654	0.10764553542765	4.25394816081878e-08	0.00731447800128913
disease	normal	Dryad_normal_mammary_CAATCGAGTCACTCGG	resident	0.987804619197115	0.686080964859278	0.0552851099083348	0.000329501785028286	0.0144150533765149	0.152406609598006	0.0914827604728385
disease	normal	Dryad_normal_mammary_GTGTTCCGTTGCTAGT	antigen-presenting	1.39164438778929	0.264291748326817	0.220786021951201	0.000710189721097992	0.000495725155156417	0.270643948097197	0.24307236674853
disease	normal	Dryad_normal_mammary_CTGAATGAGGCCGCTT	resident	1.1229700015054	0.558392873253531	0.248070757301248	0.119667013176556	0.000990625548459951	6.50256571381449e-08	0.0728786656945478
disease	normal	Dryad_normal_mammary_GATTGGTGTAGACAAT	resident	1.14282519729231	0.601177479125002	0.0477211341745579	0.000230854356710425	0.211166554620917	0.0964695553443824	0.0432344223784306
disease	normal	Dryad_normal_mammary_TCGGATATCATCACTT	resident	1.21033911336032	0.557883829940702	0.144874167956033	0.00048171869217049	0.023017087936681	0.0739817478493597	0.199761447625055
disease	normal	Dryad_normal_mammary_GTTAGACTCAAGCGTT	resident	1.21243528699075	0.469754298705519	0.295585994573753	0.144026873954867	2.54456148009952e-05	3.74735090425412e-05	0.0905699136420165
disease	normal	Dryad_normal_mammary_AAGTCGTGTTCTCGTC	resident	0.910805126330758	0.608546061162713	0.272993884354421	0.118285322455629	0.000116767991603221	5.18570034298371e-13	5.79640351144955e-05
disease	normal	Dryad_normal_mammary_ATTCCATAGCAGCCCT	resident	1.28923491253917	0.45301790910879	0.200876482007868	0.000173574735842197	0.000320174371623263	0.151130904208201	0.194480955567676
disease	normal	Dryad_normal_mammary_ATCGATGGTTGCATCA	resident	1.12143272572283	0.623854670505308	0.0467494510380857	0.172777046033354	0.11594213082908	6.16853651989892e-05	0.0406150162289733
disease	normal	Dryad_normal_mammary_GGTTGTAGTCTTTCTA	resident	1.13242490945462	0.491771614838178	0.258334438643736	0.222317295911907	4.86895095596806e-05	7.89513759340467e-06	0.0275200659590262
disease	normal	Dryad_normal_mammary_TATTCCATCTTACGGA	resident	0.878323061316914	0.636058845300042	1.21949878793792e-05	0.108423471945644	0.255410068796614	4.11996426472869e-06	9.12990055562606e-05
disease	normal	Dryad_normal_mammary_ACCGTTCCAAATACAG	resident	1.14636347501743	0.540283298066907	0.240908030258152	0.14929653806659	0.000218628707574987	8.76897202252656e-06	0.0692847359287538
disease	normal	Dryad_normal_mammary_TGGAACTTCAGAATAG	resident	1.13862593930597	0.503597122590437	0.230820077367682	0.231690330338705	0.000201462296704464	1.55910005093358e-07	0.0336908514964667
disease	normal	Dryad_normal_mammary_TTCCGGTCACAAGCCC	resident	1.10937875268498	0.541280081033671	0.211169582651444	0.211949464256214	0.000189236760519909	1.17760391521221e-08	0.035411623522112
disease	normal	Dryad_normal_mammary_TGAGCGCAGTACTGGG	resident	0.951985857089212	0.649203031024928	0.136153655914261	0.193482189059601	7.87425953337544e-05	1.47163684099295e-05	0.0210676650374669
disease	normal	Dryad_normal_mammary_GTAGGAGCACATTCTT	resident	1.26621307718272	0.428568238442368	0.232099071104164	0.251898758725011	0.0868083094109198	5.01990426151949e-07	0.00062512032711129
disease	normal	Dryad_normal_mammary_CCCTCAAGTTGCTCGG	resident	1.01383137620408	0.510361309277751	0.17663803190406	0.312925102056193	2.4910607442729e-06	1.22812819670125e-05	6.07844192849379e-05
disease	normal	Dryad_normal_mammary_CGAGGCTAGAGTCAGC	resident	1.09409420286341	0.554446755975671	0.215812396643019	0.19466430383181	5.66362644688614e-07	9.80542397792214e-06	0.0350661717628779
disease	normal	Dryad_normal_mammary_AGCCACGGTCGTCATA	resident	1.19352073990363	0.537678670343148	0.220539512550067	0.175606470956439	0.0209869979503599	4.03911055724945e-07	0.0451879442889304
disease	normal	Dryad_normal_mammary_CATGCTCGTCAGGAGT	myofibroblast	1.57729955270604	0.206668589770896	0.14642201087039	0.293392785735296	0.000540491532582464	0.144222636509418	0.208753485581417
disease	normal	Dryad_normal_mammary_TGATGCACAGTAGATA	myofibroblast	0.99557642548146	0.32350799384624	0.156177149793261	0.520259060088609	9.50441188978116e-07	3.87463022560307e-11	5.48457919542527e-05
disease	normal	Dryad_normal_mammary_CGCATAAAGCGTTCAT	resident	1.03121969826993	0.511828327952898	0.247891737692571	0.240276932824969	7.045012467206e-12	1.30276883665904e-12	3.00152121354285e-06
disease	normal	Dryad_normal_mammary_TGGTAGTAGGATACCG	resident	1.14051526153751	0.491505917685821	0.292505583017887	0.179476566794114	0.000371996056657699	8.76265157152463e-05	0.0360523099298044
disease	normal	Dryad_normal_mammary_TGATTCTGTTCGGGTC	resident	1.02785350418345	0.522605058291857	0.24452232237123	0.232141216915067	2.91764226536777e-06	1.33966098859034e-07	0.000728350813482489
disease	normal	Dryad_normal_mammary_TGAGGTTGTCCTGTCT	resident	0.89702979890357	0.698353033822799	0.150731241863139	0.000100532159481253	0.00011682125293294	0.0290688877575928	0.121629483144055
disease	normal	Dryad_normal_mammary_CGTCCATTCTTGGGCG	resident	0.854342396096282	0.689192922991604	0.149197293091106	0.157505691579878	4.65291217825762e-05	3.61209502733053e-06	0.0040539511206011
disease	normal	Dryad_normal_mammary_TGGTAGTGTCATCTAG	resident	1.27628936261801	0.455685294357962	0.233108704964948	7.79273575775497e-05	0.000180196407605293	0.174658664823048	0.136289212088859
disease	normal	Dryad_normal_mammary_GAGGGTAGTAAGGCTG	resident	1.07348360771868	0.584790043865598	0.233334611327026	0.130885446946887	0.000386679164686889	1.96241458347885e-07	0.0506030224543437
disease	normal	Dryad_normal_mammary_CGAATTGCAATCTCGA	resident	0.951771540556788	0.596661649344332	0.237432508638801	0.165330319855964	0.000273752019388463	1.06724769678839e-11	0.000301770130842085
disease	normal	Dryad_normal_mammary_ACGGGTCCATAGTCAC	resident	1.34249664631636	0.512072502083912	0.205755313185724	0.0587837255123044	0.00572133056962504	0.130744742011654	0.0869223866367809
disease	normal	Dryad_normal_mammary_TGTACAGTCGTAGGAG	resident	1.26169189571697	0.528271413192291	0.217146999313349	0.000137763827776655	0.150407907261752	0.0582573256828579	0.0457785907219725
disease	normal	Dryad_normal_mammary_CAGGGCTAGTCATCCA	resident	1.16863788881114	0.415428739848026	0.0822356726972658	0.402059111773914	9.03062077494511e-05	7.13107789588449e-05	0.100114858694086
disease	normal	Dryad_normal_mammary_TGCATGACATCTCAAG	resident	1.302597588315	0.4780352097619	0.265692856031023	0.113000322452179	0.114331533359081	0.00011895136254961	0.0288211270332663
disease	normal	Dryad_normal_mammary_GAGACTTAGGTACAGC	resident	1.2062287535336	0.482152895107746	0.24584579933434	0.204776071004042	0.000577449970756081	1.24858761584268e-06	0.0666465359954995
disease	normal	Dryad_normal_mammary_AATGACCGTACAGAAT	resident	1.43043499988568	0.420289773973472	0.241153908645274	0.0544307649050903	0.0019302964641684	0.140619934473261	0.141575321538735
disease	normal	Dryad_normal_mammary_GGGTTTATCGCAAGAG	myofibroblast	1.08369139846808	0.388776620867934	0.211345169835922	0.396207415753661	0.00010926328843988	2.12466402174024e-06	0.00355940559002229
disease	normal	Dryad_normal_mammary_CGCCATTAGGATGCGT	antigen-presenting	1.38276771214534	0.249898394965277	0.225750606527553	0.00112774009970401	0.000286297930098117	0.315476543277028	0.207460417200339
disease	normal	Dryad_normal_mammary_AAAGGTAAGTCGGGAT	IFN-stress	1.42747620066252	0.323477793985673	0.141033236173924	0.000803929684691418	0.0495585309472378	0.128640456976183	0.356486052232291
disease	normal	Dryad_normal_mammary_GCCAACGTCACACGAT	resident	1.09323721653513	0.550592009271507	0.127464309918286	0.274763644404645	0.000398999101860412	0.000108742980901793	0.0466722943228005
disease	normal	Dryad_normal_mammary_GGGTTATCATAAGCGG	resident	1.17117462643714	0.420417779531502	0.3063490512396	0.246961377476644	0.000665767334559185	5.04232832719171e-05	0.0255556011344228
disease	normal	Dryad_normal_mammary_GATTTCTTCTCGGGAC	resident	1.2051558939859	0.46546638443917	0.280090429546909	0.191988450633266	0.000324196601403854	8.92973265234796e-05	0.0620412414527272
disease	normal	Dryad_normal_mammary_TACATTCGTAGAGGAA	resident	0.970622672482903	0.672801555672474	0.0836786562966135	0.167175336457683	9.37803177169834e-05	2.85299241069966e-05	0.0762221413314056
disease	normal	Dryad_normal_mammary_CGAGTGCGTACAGTTC	resident	1.00914290798435	0.639526539114889	0.141289346517901	0.172765772072962	0.00012510094937339	4.28741852415916e-06	0.0462889539263511
disease	normal	Dryad_normal_mammary_TGCAGATTCTCAAAGC	resident	1.11807446779409	0.543502433951085	0.258212404255604	0.145103829374749	0.000135506973342393	7.16108905921194e-08	0.0530457538343294
disease	normal	Dryad_normal_mammary_CTCCCTCTCGTGTGGC	myofibroblast	1.09966193899059	0.318234638830446	0.11118580972299	0.520248960457026	9.13033869160205e-05	8.79285984463031e-09	0.0502392788097617
disease	normal	Dryad_normal_mammary_AGGTCATCAAAGTATG	resident	1.23471108650494	0.471619504599383	0.233927281560593	0.00148738539901768	0.000789993043215386	0.217943888263617	0.0742319471341739
disease	normal	Dryad_normal_mammary_CATGCGGGTAAGCTCT	resident	1.04949402722766	0.614784089652621	0.18321678795562	0.000755261433379754	0.000102612675791598	0.0479975809073983	0.15314366737519
disease	normal	Dryad_normal_mammary_TTCGGTCCATGACGGA	resident	1.24725831856909	0.446226719864909	0.294687710219925	0.151440846634023	0.00012593997061495	4.09467652058932e-05	0.107477836545323
disease	normal	Dryad_normal_mammary_GCCGATGTCTCCTGCA	resident	1.27674060261146	0.382831388858247	0.260151483865625	0.28842672863911	0.00394248867710373	0.000204480101898127	0.0644434298580151
disease	normal	Dryad_normal_mammary_AGAACCTGTATTCCGA	resident	1.44293301314075	0.332785329316174	0.189056352749513	0.23641513011599	0.000210288501561063	0.0230128898887391	0.218520009428023
disease	normal	Dryad_normal_mammary_TAATCTCTCTTCTTCC	myofibroblast	0.610246691530138	0.0526364476941228	0.117183560259281	0.821375139224527	0.000110662128481783	1.88395115839025e-05	0.00867535118200273
disease	normal	Dryad_normal_mammary_GTGCTTCGTTGCCATA	resident	1.20572139378587	0.532031898159627	0.143750251443969	0.000212145116659305	0.000177765102073667	0.178814117524326	0.145013822653345
disease	normal	Dryad_normal_mammary_CATTTCATCCTATTTG	resident	1.18532686179728	0.514929434896757	0.227720691324498	0.185136780901892	0.000730142202998023	5.96047105936778e-05	0.0714233459632614
disease	normal	Dryad_normal_mammary_ACCTGTCAGTTGCATC	resident	1.30056341133463	0.407327066147363	0.297740128488662	9.47561918220195e-05	0.00205577057440167	0.164174353893175	0.128607924704576
disease	normal	Dryad_normal_mammary_CATTCCGTCAGACCTA	resident	1.23888889098772	0.496131450667586	0.145827329363287	0.000139535155188151	9.63087613031446e-05	0.142391024308431	0.215414351744206
normal	disease	Dryad_MT3_CAF_TCTAACTGTTAAAGTG	resident	1.11391210449374	0.52572636970607	0.157533275055899	0.0398524004835256	0.276805460634991	3.4605449003501e-08	8.24595140654575e-05
normal	disease	Dryad_MT3_CAF_ACGATCAGTACCGTCG	resident	1.23085874413571	0.413496651465368	0.233763285898903	0.0580584840463832	0.294617083876436	4.12671850590772e-06	6.03679944035445e-05
normal	disease	Dryad_MT3_CAF_GCTGAATCACGAAGAC	inflammatory	1.15774255614217	0.182080457962334	0.522287238592727	0.23669583445797	0.0588872305043478	6.90906691939713e-06	4.23294157015431e-05
normal	disease	Dryad_MT3_CAF_CGAGTTAAGTGGACTG	resident	1.11323964842225	0.55359370297312	0.120235597368045	0.0666938386899268	0.259419707111804	3.21726384207436e-06	5.3936593262141e-05
normal	disease	Dryad_MT3_CAF_ATCCATTAGCGTCAGA	resident	0.728481648826153	0.683318436437934	0.0318900698152864	1.28821358523385e-05	0.284720864788696	3.73287167905368e-06	5.40139505524216e-05
normal	disease	Dryad_MT3_CAF_ATGATCGCATCATCTT	resident	0.891014917789035	0.647607457131004	7.0141876999939e-08	0.196982385313569	0.155379735583832	1.89076929040827e-06	2.84610604277259e-05
normal	disease	Dryad_MT3_CAF_TCATGGACAACTCGAT	resident	0.768150847397493	0.685147743057114	0.0540612074899328	1.87874356516358e-05	0.260706038618754	8.97286721272291e-06	5.7250531334397e-05
normal	disease	Dryad_MT3_CAF_TTCTAACTCCATCTCG	inflammatory	1.319179404799	0.156862078752183	0.366948376289506	0.163317927087186	0.312728287150368	2.26919730599986e-09	0.000143328451559612
normal	disease	Dryad_MT3_CAF_GAAGCGATCACCTACC	resident	0.883101563005229	0.611613280739033	0.0925997816748076	3.11502205177549e-05	0.295585469599773	5.95186379650827e-08	0.000170258247230735
normal	disease	Dryad_MT3_CAF_CAATTTCTCTTGGGCG	inflammatory	1.09477248289724	0.0883253239502699	0.575494831256417	0.0897535722619482	0.24632120610701	1.23726906794277e-10	0.000105066300628543
normal	disease	Dryad_MT3_CAF_TTGCGTCCAGGTTCAT	resident	1.35865174268588	0.330160051643576	0.27999456987193	0.215087202289753	0.174640135454645	3.02888348524115e-08	0.000118010451261861
normal	disease	Dryad_MT3_CAF_AATTTCCAGGCCGCTT	ECM-remodeling	0.750760079240578	0.00030391099857329	0.000164138953785788	0.00173406444749075	0.725076074253994	0.0638348876510068	0.208886923695149
normal	disease	Dryad_MT3_CAF_GTCTTTATCGCTATTT	resident	1.19942494931358	0.435141102201787	0.208725717725601	0.307790303943878	2.05677090662208e-05	0.0481715467433679	0.000150761676299904
normal	disease	Dryad_MT3_CAF_TCATACTGTCCGGTCA	resident	0.877596409421849	0.55347315378885	0.0672220307689698	1.07132228184999e-05	0.379198965765183	1.85248618259525e-08	9.5117929316889e-05
normal	disease	Dryad_MT3_CAF_TGATTCTTCCTTACCG	resident	0.879664291714174	0.568164906204354	0.0197098810452217	0.0324048393409024	0.379459726146305	2.47008551473961e-05	0.000235946408069446
normal	disease	Dryad_MT3_CAF_GATCAGTTCCCTTGTG	resident	1.04883869947432	0.415229556857853	0.394161949856913	0.190503064853643	4.73314479787471e-05	3.33076028965226e-06	5.47662233230107e-05
normal	disease	Dryad_MT3_CAF_GCATCGGGTCTGATCA	ECM-remodeling	0.20088196424465	9.56056174447553e-05	7.940670764364e-05	0.00576908016625427	0.955499025718232	6.56364355155444e-05	0.0384912453549095
normal	disease	Dryad_MT3_CAF_CTCAACCAGCACGATG	resident	0.67672261192627	0.629086349675892	0.000749854408097463	0.00143675110543244	0.368421970803082	1.22037806454993e-07	0.000304951969689659
normal	disease	Dryad_MT3_CAF_ATCCCTGCAAACTAAG	resident	1.2920085317724	0.449193317848599	0.191733261175203	0.195675349707883	0.163326153073622	5.06523144245567e-07	7.14116715493491e-05
normal	disease	Dryad_MT3_CAF_CTGCAGGTCTTCTAAC	resident	1.06532078484626	0.603095036819311	0.100803772176939	0.0754684611742827	0.220567767497903	1.19165864480602e-06	6.37706729184749e-05
normal	disease	Dryad_MT3_CAF_TCAGTCCGTCTTCAAG	inflammatory	1.32024331437752	0.222209169434514	0.404823154129583	0.150254732688506	0.222641729368154	2.79740632574142e-10	7.12140995019927e-05
normal	disease	Dryad_MT3_CAF_GATTCTTGTCACCCTT	resident	0.993954039239862	0.558498574013697	0.000127064405809188	0.22342014103033	0.217890689226399	5.81484761972921e-06	5.77164761455402e-05
normal	disease	Dryad_MT3_CAF_CTAGACAGTCTTGCTC	inflammatory	1.18542734688459	0.112896371193502	0.540866485350403	0.158232015734282	0.18790969476989	8.96624044447428e-10	9.54320552981023e-05
normal	disease	Dryad_MT3_CAF_AAAGGATTCGATGGAG	resident	0.87377170294869	0.649393492124406	0.120144307252026	3.07454082897036e-05	0.23040378069456	8.21644691649433e-10	2.76736990737985e-05
normal	disease	Dryad_MT3_CAF_TTCACCGAGGTCCGAA	resident	1.13744156256942	0.563980135951084	0.212989627310326	0.134107304380628	0.0888748876941736	4.83397179555124e-09	4.80398298169867e-05
normal	disease	Dryad_MT3_CAF_TCCGATCAGTAACCGG	resident	1.26846901196006	0.449695754098269	0.262060288249354	0.155237937436118	0.132931106148269	9.19810637513172e-09	7.49048698832271e-05
normal	disease	Dryad_MT3_CAF_TCCTAATGTACGTGTT	resident	1.03640167540243	0.46638913347699	0.185098419349035	1.12547874020013e-05	0.348397762398703	3.31368368342247e-07	0.000103098619501847
normal	disease	Dryad_MT3_CAF_TGACTCCTCGTTGTTT	resident	1.25669739888532	0.389825570854129	0.347923367529208	0.168895153133906	0.0933123972888922	1.35456114694911e-08	4.34976482529673e-05
normal	disease	Dryad_MT3_CAF_AGCCAATAGACTAGAT	resident	0.430676231689198	0.845665000094955	3.05825939887404e-05	5.58223194939182e-06	0.154282891253292	1.29253880720382e-06	1.4651287007288e-05
normal	disease	Dryad_MT3_CAF_CAAGCTAGTAGTTAGA	resident	0.68805434979066	0.574535807951649	5.69885118589314e-05	0.000442031551601138	0.424742110060202	4.25579886971126e-05	0.000180503935991276
normal	disease	Dryad_MT3_CAF_GACCCAGGTCAGTCTA	resident	0.835166903011355	0.688848059164491	0.144541301248235	1.0381951933564e-06	0.16658495729075	2.55873220429066e-07	2.43882281112001e-05
normal	disease	Dryad_MT3_CAF_GTCTAGATCGGTCATA	inflammatory	1.0854707941018	0.096064806942164	0.613313134530665	0.155836565968475	0.13469307804079	4.94053980669235e-07	9.19204639247832e-05
normal	disease	Dryad_MT3_CAF_CACAACATCCGGTTCT	ECM-remodeling	0.499222066978956	0.000280434768304059	4.84173259341129e-05	0.128724717180011	0.84629628731689	3.87665313264335e-06	0.0246462667557287
normal	disease	Dryad_MT3_CAF_GTTTGGACACCTGTCT	inflammatory	1.34762790141082	0.277455515726009	0.351030813770814	0.171463279594173	0.200037055883388	3.78042817740293e-08	1.32972213336893e-05
normal	disease	Dryad_MT3_CAF_TGTTCTATCTAGCATG	ECM-remodeling	0.580975483044481	0.000100961891944999	7.14479415643343e-05	0.000112286452260258	0.736055837753233	0.000153371807629321	0.263506094153368
normal	disease	Dryad_MT3_CAF_TTCAGGACACTTGGGC	resident	1.00793671727535	0.594124154940382	0.267488587093477	0.0293335385284485	0.10897030864147	2.17217068724263e-06	8.12386255352163e-05
normal	disease	Dryad_MT3_CAF_AAAGGGCCATCTAACG	resident	1.1400289319182	0.50225687334671	0.300681636087959	0.0508341936584936	0.146202196208807	2.63960109901998e-09	2.50980584292946e-05
normal	disease	Dryad_MT3_CAF_CCTCTAGTCGGCATAT	resident	0.997590718917307	0.554153070260562	0.107635194963324	0.0156124810786842	0.322534615130467	5.01518342527281e-06	5.96233835376358e-05
normal	disease	Dryad_MT3_CAF_TCGCTCAAGTCTGCAT	resident	0.564777156318842	0.792461764447651	0.0148691147912372	1.39332223528771e-05	0.192610588988164	5.7088843295042e-06	3.8889666265211e-05
normal	disease	Dryad_MT3_CAF_TGGGCTGTCAAACGAA	inflammatory	1.29385131180968	0.277780343108234	0.41725597816519	0.162229298674609	0.142689583437826	1.27158043689944e-09	4.47953425611998e-05
normal	disease	Dryad_MT3_CAF_CAAGGGAAGCCGATAG	resident	1.16777487807996	0.488724866510584	0.249651168826451	0.0443915128215553	0.2170506346468	6.07860100269588e-06	0.000175738593606854
normal	disease	Dryad_MT3_CAF_TCTCACGCACGGTGAA	resident	0.938701502836807	0.577972565552708	0.125482382512219	1.0257729832642e-05	0.296447918705554	3.25198669740448e-06	8.36235129893291e-05
normal	disease	Dryad_MT3_CAF_GTAGAAAGTATCGATC	resident	1.1806381603106	0.497995526563141	0.0894600842392682	0.123210173453688	0.289260234366628	8.32835828220104e-07	7.31485414464719e-05
normal	disease	Dryad_MT3_CAF_TGAGACTGTAACATAG	resident	0.541476444856196	0.768492032410059	7.9546886134728e-08	1.21183070341131e-05	0.231471116733945	2.54449119449811e-07	2.43985529570142e-05
normal	disease	Dryad_MT3_CAF_ACGCACGCATACATCG	resident	0.892902069052606	0.697390439386937	0.0977791935438737	0.032264011781388	0.172542951630096	2.86196243755172e-08	2.33750380809041e-05
normal	disease	Dryad_MT3_CAF_TGATCTTTCTGAGTCA	ECM-remodeling	0.94917814415981	0.186984017668397	9.4167146838824e-06	0.0888556802871243	0.675248317941638	0.047101655793858	0.00180091159429945
normal	disease	Dryad_MT3_CAF_TGTCCTGAGGTCGCCT	resident	0.933016162090735	0.614288441581315	0.171589835279063	5.57914468299105e-05	0.213986922198688	1.90843355895362e-08	7.89904097682115e-05
