cell_id	resident	inflammatory	myofibroblast	ECM-remodeling	antigen-presenting	IFN-stress
Dryad_MT3_CAF_ATACCGAGTTCAGTAC	0.198926635345916	0.000321158463789368	1.7249356564757e-05	0.723894364158335	0.0173240651478208	0.0595165275275747
Dryad_MT3_CAF_TTCACCGAGAATTCAG	0.0743035094793561	0.000508509169969387	0.000162047002144226	0.84601884116153	0.017082478917808	0.061924614269192
Dryad_MT3_CAF_TCAAGACTCTAGTACG	0.000292234451994275	0.000311396699142865	0.163059773764321	0.820855945844844	0.000142841883258226	0.0153378073564399
Dryad_MT3_CAF_GTCTGTCTCGGCTCTT	0.293615649875776	2.66643596488778e-05	0.347147530217162	0.343850345318911	0.0152847203872131	7.50898412896537e-05
Dryad_MT3_CAF_TAGGGTTAGGAAGTGA	0.000249904920302382	0.00883961032943725	0.546313568896179	0.444257627225856	8.08403852916101e-05	0.000258448242932985
Dryad_MT3_CAF_TGCTTCGTCGCCAGTG	0.0373324018311894	0.0137485436624844	0.000124071477522184	0.89877953511468	0.000285516844504014	0.0497299310696199
Dryad_MT3_CAF_CTCAAGAAGTGGTTCT	0.222180354165696	0.000278193563419894	5.07286156666187e-05	0.718623965061057	0.000108995100753894	0.0587577634934069
Dryad_MT3_CAF_TCCATGCGTAGCTCGC	0.302755721799897	0.000180507746161339	0.623501471476301	0.0473607060152423	0.0251910160161862	0.0010105769462128
Dryad_MT3_CAF_TCGACGGCAACACGAG	0.253222900515427	0.000211138103817123	3.11962816723411e-05	0.746332748925295	4.25826041530488e-05	0.000159433569635338
Dryad_MT3_CAF_CTCAGAATCATTCTTG	0.000181957981753203	0.00105139469365245	0.403013321921994	0.543793688725278	0.00172537471225526	0.0502342619650663
Dryad_MT3_CAF_CCCAACTTCGAGGCAA	0.000122829455390705	0.000157426053436268	0.46749838581869	0.497504665225712	6.9699971767698e-05	0.0346469934750038
Dryad_MT3_CAF_AGCATCAAGGACATCG	0.000692030161836875	0.209491088502135	0.124966990753305	0.663642093520702	0.000204957007980357	0.00100284005404076
Dryad_MT3_CAF_TTAATCCAGAATTCAG	0.000212178315977126	0.000212632262801601	0.150757468441688	0.189983568498613	0.152637786441359	0.506196366039562
Dryad_MT3_CAF_CCCGGAAGTAGGACCA	0.191707802226807	0.00377379295877357	0.778020291756386	3.80665215830802e-05	0.0016504239816186	0.0248096225548311
Dryad_MT3_CAF_CTTCTCTTCATGAAAG	0.000162317918160771	0.108961941180438	0.586820087379532	0.303960661964581	4.32303190772975e-05	5.1761238211374e-05
Dryad_MT3_CAF_ACGTTCCTCTCGTGGG	0.000122089207563138	0.104943642011469	0.00026793775676395	0.853004770745714	0.0115922165190338	0.0300693437594562
Dryad_MT3_CAF_CAACAGTGTTGCTTGA	0.000295933031649185	0.0745590677073344	0.747334878660715	0.163186791968388	0.000102555446851655	0.0145207731850609
Dryad_MT3_CAF_CAAAGAAGTACTAACC	7.66592666016364e-05	3.53006364140635e-05	0.299525904152697	0.700285049908302	1.73378727445032e-05	5.97481632405273e-05
Dryad_MT3_CAF_AGCGTCGGTATCGCTA	0.113155986605269	8.17726491356719e-05	7.04499941828023e-05	0.874839740550827	5.81691025261272e-05	0.0117938810980585
Dryad_MT3_CAF_GACTGATAGGGTTGCA	0.13947629511058	0.000292878616261346	2.62709043773018e-05	0.782290245926001	6.4226273290963e-05	0.0778500831694889
Dryad_MT3_CAF_AAAGAACGTACAGTCT	0.185004693006407	0.0218507592664719	0.478760404146992	0.270900500963913	0.0101043955021099	0.0333792471141065
Dryad_MT3_CAF_ATAGGCTGTAACTTCG	0.0842428007927967	0.000162597953314814	0.000215348378648057	0.83195310002848	0.0556841053885623	0.0277420474581975
Dryad_MT3_CAF_GCGATCGGTCTCGACG	3.4952273350548e-05	5.66555144906265e-05	0.375500573384141	0.624223595016975	2.95843509710309e-05	0.000154639460071732
Dryad_MT3_CAF_AAAGTCCCATCACCAA	9.85124517092665e-05	0.000358477181176098	0.237746911452742	0.735560489572278	4.24992856069859e-05	0.0261931100564872
Dryad_MT3_CAF_CGAGAAGCACAGTACT	0.0879294100355031	0.0540536248517974	0.000170402299464178	0.844380863809939	0.0117806028819027	0.00168509612139391
Dryad_MT3_CAF_AACCAACCAGGTCAAG	0.167502206712105	2.62471515436575e-05	0.0838493109646401	0.748509364293429	9.59604310378538e-06	0.000103274835178877
Dryad_MT3_CAF_TAACCAGAGCTTGTGT	0.000215666219534394	0.00204520407363735	0.498490224146178	0.0874474797355907	9.11145753525398e-05	0.411710311249707
Dryad_MT3_CAF_AATGGCTCACACTTAG	0.00407193075368032	0.000307802632247935	0.438042882989179	0.111999406908435	0.14721300994816	0.298364966768297
Dryad_MT3_CAF_CGTAGTACAAACACCT	0.000244142577736432	0.0534245360491753	0.296014051204063	0.62658481688346	0.00286439718680402	0.020868056098761
Dryad_MT3_CAF_CTACGGGGTGGACCTC	0.000257349664984373	0.000231795147571765	0.406209074976644	0.00100021192983868	0.00682089270900415	0.585480675571957
Dryad_MT3_CAF_TTAGGGTCATAAGCAA	0.0625702193230552	0.141410755250039	0.0765321508215322	0.718881609222321	0.00022638746671526	0.000378877916336928
Dryad_MT3_CAF_CTAGACAGTCTTGCTC	0.000770177482042492	0.0131622822412272	0.398184539750979	0.53620903113463	0.0063012457363025	0.045372723654819
Dryad_MT3_CAF_CATAAGCAGCTAGAAT	0.208082006412662	7.76334562618686e-05	6.65171205824681e-05	0.75296832204036	3.85705772720034e-05	0.0387669503928622
Dryad_MT3_CAF_CATGCGGAGGAGTATT	0.000179382711304675	0.0830966937297364	0.19434636993915	0.69168177273223	0.0116364147143135	0.0190593661732658
Dryad_MT3_CAF_GCGGAAACACATACTG	0.0287172399144294	0.000345686840546582	0.695926175754765	0.151233647204518	0.000167166917406325	0.123610083368334
Dryad_MT3_CAF_GAAGCGATCACCTACC	0.243944814529889	0.011849836661057	6.43993272612091e-05	0.684985602273401	0.0140494008338503	0.0451059463745407
Dryad_MT3_CAF_CGCCATTGTAGCCAGA	0.0108446305331206	0.120892180059764	0.421130477869373	0.446476522361928	0.000226622503083394	0.000429566672731247
Dryad_MT3_CAF_CAACCAATCACGACTA	0.138627692263827	0.000105491649278529	0.000117118820079845	0.833208978452508	0.0028604895319439	0.0250802292823628
Dryad_MT3_CAF_CCACACTAGACGGATC	0.144179602394122	0.000952624546372434	0.12019555567213	0.73462007652255	7.69617095238823e-06	4.44446938738662e-05
Dryad_MT3_CAF_TGGATGTAGTGTTCCA	0.106259755121111	4.74885975476084e-05	0.230715710864668	0.662879949638712	1.75084815036708e-05	7.95872964578954e-05
Dryad_MT3_CAF_CCGGGTAGTGGGTCAA	8.52387911177358e-05	0.106439054331106	0.348559299818716	0.537566997978595	0.00650690839510515	0.000842500685360228
Dryad_MT3_CAF_CTGCAGGTCTTCTAAC	0.000303754790519873	0.000234166717710688	0.20170588687149	0.788147743184784	0.000324576308142138	0.00928387212735268
Dryad_MT3_CAF_TCACGCTAGACTCCGC	0.131368209487895	0.000179528429225287	0.798311933104963	0.0411395395115677	8.21546752258949e-05	0.0289186347911227
Dryad_MT3_CAF_AACCCAAGTAAGTTAG	0.0481595203395789	0.0500812588526485	0.000400918401294499	0.880753250336589	0.0104834200653839	0.0101216320045054
Dryad_MT3_CAF_ATGGGTTCATATGCGT	0.122198031457353	2.54509448226532e-05	0.0787818587094372	0.798915853414595	9.93714873402243e-06	6.88683250587086e-05
Dryad_MT3_CAF_GGGTCACGTACTGCCG	0.000229515296304991	0.000268770204118692	0.38093134352532	0.0540978211154802	0.000670582450569397	0.563801967408207
Dryad_MT3_CAF_GGTGTCGTCCCAATAG	0.000183415482337913	0.0337400320003762	0.294384776249274	0.671572114106485	4.03184856258702e-05	7.93436759004211e-05
Dryad_MT3_CAF_GTGGTTAAGCCTGGAA	0.000182618731725554	0.000376977993457871	0.00270435003311863	0.486948839080446	0.0165182808939034	0.493268933267349
Dryad_MT3_CAF_TGGATCAGTGTAGCAG	0.159485991544521	4.13757949492983e-05	0.141752978355098	0.698410269829784	0.000128819870826323	0.000180564604820824
Dryad_MT3_CAF_AACCCAAGTGTTATCG	0.0675290855565462	0.00981086549453366	0.555562873901441	0.366888158287901	3.2846843487941e-05	0.000176169916090127
Dryad_MT3_CAF_GCACGTGCAGCACACC	0.10678556224137	0.000129754005142616	0.0327450927394931	0.859045837709283	0.00034049216006055	0.000953261144650788
Dryad_MT3_CAF_AATTTCCAGGCCGCTT	0.000661704687868259	0.000709064683660863	0.330645957747287	0.219861832353022	0.000775889352597721	0.447345551175564
Dryad_MT3_CAF_AAACGCTGTGAGATAT	0.0698121448954937	0.0169976681416914	9.95953885897498e-05	0.849073270342151	0.0305568953093109	0.033460425922763
Dryad_MT3_CAF_CTTTCAAAGATTGAGT	0.169282724471103	0.000313524218773736	0.830245916983493	2.10802329062296e-07	3.53139961478212e-05	0.000122309528153928
Dryad_MT3_CAF_AGTTCGACATCCTAAG	0.000315388609239487	0.000278880543889812	0.384876704724533	0.550815377630095	0.0603571664959474	0.00335648199629515
Dryad_MT3_CAF_TCTTTGAGTGGATCGA	0.0348801917874429	0.00010796918109725	0.37073250878395	0.465247349413498	0.128867388197492	0.000164592636519996
Dryad_MT3_CAF_ATTGTTCAGGGATGTC	0.0635902389439406	0.00286291707733333	0.56411023515289	0.347812108223347	0.000753269917626907	0.0208712306848615
Dryad_MT3_CAF_AACAAGAGTGCGAACA	0.000322897917404966	0.000342388359767103	0.232913715890642	0.74961873684031	0.000529627555665915	0.0162726334362105
Dryad_MT3_CAF_GTCGAATGTTACGGAG	9.04874791400046e-05	0.0488729885405853	0.220993930490581	0.68936063793544	0.0405089624805205	0.000172993073732618
Dryad_MT3_CAF_GTAGATCCACACAGAG	0.180534676883846	2.46389064879463e-05	0.195949504772619	0.623439936807486	7.93472899433299e-06	4.33079005663573e-05
Dryad_MT3_CAF_CAGGTATCAATTAGGA	0.228255059903209	0.000514274747216776	6.38349970822203e-05	0.731465392015775	0.000458778063089314	0.039242660273628
Dryad_MT3_CAF_CCTCAGTTCACGAACT	0.230589536326048	0.000100714176964608	4.48159577726344e-05	0.709251737851844	5.22697347160026e-05	0.0599609259526543
Dryad_MT3_CAF_TGATCAGAGGGCAATC	0.170809373732621	0.000309314736030782	8.49151725636801e-05	0.828531538080871	5.43190006968601e-05	0.000210539277216518
Dryad_MT3_CAF_GGAATCTCACTGTCCT	0.000127284318133087	0.0311132016605648	0.135305956424921	0.793658671021004	0.000448158845438658	0.0393467277299379
Dryad_MT3_CAF_CACAACATCCGGTTCT	0.000503275144838917	0.000176983547627576	0.661133149540694	0.00496979098865921	0.000131890473465086	0.333084910304715
Dryad_MT3_CAF_CCAAGCGAGGTCGACA	0.290827179370925	3.05669268543993e-05	2.56113980742569e-05	0.708975149511694	2.80736602529952e-05	0.000113419132199709
Dryad_MT3_CAF_CTGTACCTCTGAGGTT	3.19942638747967e-05	4.59194814211419e-05	0.647089894726333	0.352725143516655	1.78108643195422e-05	8.92371473963232e-05
Dryad_MT3_CAF_GGGCTCAAGTACAACA	0.162415859505393	3.1011747394605e-05	0.0782343982139978	0.759205406043336	1.40372802379977e-05	9.92872096414039e-05
Dryad_MT3_CAF_ATTATCCAGTCGCCCA	0.21078915370288	0.00430634284175645	0.00010577651249801	0.732639133152342	8.85771152359824e-05	0.0520710166752871
Dryad_MT3_CAF_AGATCGTGTATCGCAT	0.0826379422476257	0.000884267865640298	6.16268220350771e-05	0.904780017364892	8.74724641806189e-05	0.0115486732356259
Dryad_MT3_CAF_CTCATGCTCGACACCG	0.000368262942819902	0.0313450580655886	0.149551411041968	0.784088398666761	0.00013553369778511	0.0345113355850767
Dryad_MT3_CAF_GTCGAATAGCAAGTCG	0.000107500016778998	0.043676520638064	0.556314452996276	0.399480688873444	0.000324574845392996	9.62626300441706e-05
Dryad_MT3_CAF_CTGTGGGTCGCTTGCT	0.194150246604034	0.000322751746408089	5.89469949544876e-05	0.756263545047674	7.15876875419514e-05	0.0491329219193881
Dryad_MT3_CAF_GTAACCAAGTGTACCT	0.000417823748649143	0.110537862954201	0.615028893591713	0.206405100183247	0.0325447141417	0.0350656053804904
Dryad_MT3_CAF_GGGTATTTCATCGGGC	0.0865579193104391	0.000221659589872843	0.414875216926465	0.407294607025412	0.066659802172533	0.0243907949752782
Dryad_MT3_CAF_GTTTGGACACCTGTCT	7.5988251097422e-05	6.92611625638312e-05	0.49964797829304	0.500024346971973	3.64683270687178e-05	0.000145956994256507
Dryad_MT3_CAF_ATCCCTGCAAACTAAG	0.0363783905726519	0.0791392761529513	0.317625426736544	0.494372372183729	0.0718639502518524	0.00062058410227165
Dryad_MT3_CAF_TCACATTCAGAGCCCT	8.24482635224048e-05	0.000108019183541734	0.105719768569458	0.401674263438087	6.63206451159939e-05	0.492349179900275
Dryad_MT3_CAF_AATGGCTCATTCAGGT	0.00201989910412092	0.000279120944236235	0.516759142549868	0.459101430988188	0.0015031073317683	0.0203372990818184
Dryad_MT3_CAF_GGGAGTATCGCCGAAC	0.00382937831502785	0.01840976270673	0.118055053950475	0.818789813082856	0.0319902828928384	0.00892570905207283
Dryad_MT3_CAF_AATCGTGCATCATTTC	0.0011218990468884	0.000209321168242054	0.498703271350918	0.240684033802061	0.0211985459388444	0.238082928693046
Dryad_MT3_CAF_AATGGAACAATGAACA	0.114287604741128	0.000108863595756059	0.792069744858547	0.0928698537989619	0.00013007001906983	0.000533862986537114
Dryad_MT3_CAF_CAGCGTGCACGGTGCT	0.195296575295649	0.0328444129149942	0.0788692997969657	0.653970250556559	0.0387187812331449	0.000300680202687649
Dryad_MT3_CAF_TACCTGCTCCTCTAGC	0.000155852623370235	0.0761000360580084	0.248212180120658	0.619725126827792	0.0447001335010187	0.0111066708691524
Dryad_MT3_CAF_CATGGTATCCGACGGT	0.000712537225263137	0.000378576404352626	0.810248996184989	0.134211558228505	0.000137601013616363	0.0543107309432743
Dryad_MT3_CAF_AGGGCTCTCCATTTCA	0.12225214214142	0.00053358865390911	0.0645115197189033	0.754383172197107	0.00395337734517702	0.0543661999434833
Dryad_MT3_CAF_TCTTCCTGTGGTAACG	0.0163849345640274	0.0240781317426103	5.41306313469004e-05	0.813718955803792	0.0236746567894398	0.122089190468784
Dryad_MT3_CAF_ACGATCAGTACCGTCG	0.00013749130532569	0.00605672745898291	0.181813020676794	0.772124328101645	0.000821514447654302	0.039046918009598
Dryad_MT3_CAF_CCTCTAGTCGCATGAT	0.000109361663305917	0.0546065757022012	0.0778957589766582	0.836523543116197	0.0152949711892302	0.015569789352407
Dryad_MT3_CAF_AACCTGATCGGCTGGT	0.0594834850176677	0.0376541257984971	0.000140134585837966	0.902077951221626	8.27127814467343e-05	0.000561590594924704
Dryad_MT3_CAF_TCATCCGTCCAACCGG	0.0560382900303725	0.000328360387705633	7.89697341332608e-05	0.845528826222934	0.0153937749923114	0.0826317786325429
Dryad_MT3_CAF_ATCCCTGTCTTCCAGC	0.16069004798078	7.72377052546277e-05	0.000216202571406068	0.797706263923711	4.48784067755887e-05	0.0412653694120731
Dryad_MT3_CAF_GGTAACTCACTGCGTG	0.000100242219850644	0.000224242376313841	0.0314697864605859	0.936350828107102	9.48243594621242e-05	0.0317600764766853
Dryad_MT3_CAF_GACTATGGTCTTACTT	0.133219677434347	1.59564871896785e-05	0.0501805490933581	0.8164177388962	9.91689883848027e-06	0.000156161190066177
Dryad_MT3_CAF_ATACCGAAGCACCCAC	0.000370843188213004	0.000266413539882327	0.304478628722025	0.28233977102171	0.0365512555642494	0.37599308796392
Dryad_MT3_CAF_AAGCATCGTCCCTGTT	0.0263264337465826	0.000325699769564412	0.129495674596361	0.825893254151956	0.000144480792495768	0.0178144569430405
Dryad_MT3_CAF_CATTCTACAGCTCGGT	0.00037263534544455	0.00140096174698163	0.518054247040442	0.397166520263853	5.57304425932719e-05	0.0829499051606851
Dryad_MT3_CAF_CTAAGTGCATGACTTG	0.00206074450903113	0.000199649448870157	0.540896111853733	0.456248993508771	0.000357807357113181	0.000236693322481655
Dryad_MT3_CAF_AAAGGGCCATCTAACG	0.00022079191714072	0.019645618545491	0.233849148706057	0.745797190680232	7.52095212775988e-05	0.000412040629800945
Dryad_MT3_CAF_CAAGGGACAAAGGGCT	0.0463899253219018	0.0184636310895041	0.311319495930949	0.623658603414408	2.92323662254563e-05	0.000139111877011726
Dryad_MT3_CAF_TTCCACGCATCGTCCT	0.253938130953833	0.000272397643909645	7.73879356401279e-05	0.72240128782392	0.00372560719342183	0.0195851884492747
Dryad_MT3_CAF_ACATTTCAGGTCATTC	0.0939121003901199	0.000579352171456331	0.0605753279776039	0.844734347863928	2.59413378500139e-05	0.000172930259041627
Dryad_MT3_CAF_ATAGAGAAGGATTACA	0.000156324999025972	0.000159490860757029	0.590266117954185	0.00179624732145107	0.000119666370042728	0.407502152494538
Dryad_MT3_CAF_ACTTTCATCTGTAAGC	0.000111263329037167	0.0537556859815608	0.0420248985459315	0.806057794262108	0.0474318637860589	0.0506184940953037
Dryad_MT3_CAF_GATCAGTTCCCTTGTG	5.14769062333931e-05	4.03593359866136e-05	0.651050720368043	0.348770498317591	2.41640285885905e-05	6.27810435570569e-05
Dryad_MT3_CAF_GAGTGAGTCCCTGGTT	0.000129008182306535	0.00141747251784893	0.166153787729645	0.795950417578899	0.000693905584557143	0.0356554084067432
Dryad_MT3_CAF_GGGATGACACGGTGTC	4.3502687205104e-05	2.22111211952412e-05	0.152775629461027	0.847076667844171	1.39224050990167e-05	6.80664813028172e-05
Dryad_MT3_CAF_GTCAGCGGTAAGTTAG	0.00998693031001223	0.169687412101438	0.000250689045722843	0.819704169014182	0.000214440169312615	0.000156359359332905
Dryad_MT3_CAF_TGTTCTATCTAGCATG	0.000287185221841714	0.000259874942064302	0.223011593566715	0.169670042562014	0.000963151336482952	0.605808152370883
Dryad_MT3_CAF_CTTCTAACACTCCGAG	0.220178788449301	2.71877101982626e-05	0.0649612329913556	0.714620225312737	1.76277647417851e-05	0.000194937771666467
Dryad_MT3_CAF_GTCTAGAGTAGGAGGG	0.185438035091912	1.8719543028888e-05	0.0977320228606966	0.716756707577578	6.5952468989259e-06	4.79196798850624e-05
Dryad_MT3_CAF_CAATTTCTCTTGGGCG	2.07732646438798e-05	0.0425761640891459	0.235501237221893	0.659351165060777	0.000117127355290062	0.0624335330082497
Dryad_MT3_CAF_ACGCACGCATTCACAG	0.07928606773404	0.051459561972798	0.0508245184842013	0.75180363362785	0.00508907536593316	0.0615371428151778
Dryad_MT3_CAF_CTACTATTCTGTGCAA	0.122019813624841	0.000408078722603783	0.546813379463015	0.000745809921700153	0.162746956104506	0.167265962163333
Dryad_MT3_CAF_TCATGGACAACTCGAT	0.259638450292305	0.000314186537096527	2.98536708745277e-05	0.702200688054523	0.00314004952364334	0.0346767719215583
Dryad_MT3_CAF_CGGCAGTTCTCGGCTT	0.00752117985767121	0.000351504046596424	0.622617817687143	0.014664225300744	0.0384806846081259	0.31636458849972
Dryad_MT3_CAF_CCGAACGGTTAGAGAT	0.00827107452308841	0.112077643756562	0.00011317510806449	0.857730821320516	0.0123934653421038	0.00941381994966574
Dryad_MT3_CAF_ATATCCTTCGTTAGAC	0.000161996878832833	0.000193637495585424	0.0731083687407802	0.8664197106314	6.89655554167285e-05	0.0600473206979848
Dryad_MT3_CAF_CGTAAGTGTGGTCTGC	0.102665762651247	0.0553508080527513	4.59462067645953e-05	0.832710986802137	0.00028469308095544	0.0089418032061447
Dryad_MT3_CAF_GCTGCAGCAGGTTCCG	0.000532351091421283	0.0543658504786913	0.525731074982561	0.389895518299907	0.029077549108092	0.00039765603932742
Dryad_MT3_CAF_CGGGTCAAGTAAGACT	0.000192673051726874	0.000132269150850585	0.137920538885851	0.821886848078874	5.74687910908394e-05	0.0398102020416065
Dryad_MT3_CAF_TTGTGGAGTAACAGTA	0.226262716727636	2.85928867842451e-05	4.81101037840847e-05	0.77360880750848	1.06579246966948e-05	4.11148486189737e-05
Dryad_MT3_CAF_GGTAACTGTTCTAACG	0.186483196156396	0.00015089541904826	0.000277613051730853	0.764343980811874	6.47820013845681e-05	0.0486795325595666
Dryad_MT3_CAF_TCCCATGTCACCCTCA	4.18299363143626e-05	4.94567091336768e-05	0.290968875030057	0.70877767037958	1.77613538711546e-05	0.00014440659104277
Dryad_MT3_CAF_GACCTTCGTGATGAAT	0.00015000885582397	0.000162067696649767	0.577951096965185	0.382695409641863	8.53932791877831e-05	0.0389560235612907
Dryad_MT3_CAF_ATCACAGGTGAGCCAA	0.000436839728232247	0.000118723285215021	0.380627743993943	0.605084136097028	3.92436490657796e-05	0.0136933132465161
Dryad_MT3_CAF_TGATTCTTCCTTACCG	0.000605613132241529	8.12695580013679e-05	0.000123858896062447	0.998479684829061	0.000129238077031994	0.000580335507601123
Dryad_MT3_CAF_CATCCGTTCTCAGTCC	0.138775498777903	0.0315600311625343	0.794137017574344	0.000268853228137241	0.000458785584869117	0.0347998136722115
Dryad_MT3_CAF_GCCAGTGTCTCGTGGG	0.14722137049449	0.0566602549734942	5.6722675865801e-05	0.723632101222671	9.52910753280676e-05	0.072334259558151
Dryad_MT3_CAF_TCAGGGCAGCTGAAAT	0.164496154851898	0.00310188969402164	3.11172707884941e-05	0.740050675554352	0.000197341560762874	0.0921228210681774
Dryad_MT3_CAF_TACCGGGAGTGCCGAA	0.0625000127558318	0.00250543076685555	5.10894848442705e-05	0.92318229990808	0.010834035494141	0.000927131590247146
Dryad_MT3_CAF_CCTAAGATCACCCTTG	0.100274369234009	0.00173666337865183	0.87723145077002	0.000625049934681539	0.00958819241364047	0.0105442742689969
Dryad_MT3_CAF_CATCAAGAGTCCGCGT	0.0274230386623485	0.0355643355743022	0.312001639383275	0.594520172574754	0.000286622214264256	0.0302041915910562
Dryad_MT3_CAF_ACGTCCTAGGTACTGG	0.000225638633918347	0.0494840709537592	0.0339246264438786	0.881519540242215	0.00207063653697807	0.032775487189251
Dryad_MT3_CAF_AGCCAATAGACTAGAT	0.204176236300205	2.37463709273199e-05	1.16839923514155e-05	0.795718106097515	9.99211879827364e-06	6.0235120202836e-05
Dryad_MT3_CAF_TATACCTCAGGTGGAT	0.000664033569489818	0.000963462667946183	9.09119083580315e-05	0.937483597795406	0.0339064859527544	0.0268915081060452
Dryad_MT3_CAF_CACGTTCAGTTTCTTC	0.00107696991239907	0.0135010211235124	0.730782103741947	0.189550670965308	7.38805879049622e-05	0.0650153536689281
Dryad_MT3_CAF_CGGACACAGTAGGATT	0.000833245116870542	0.00194954530511599	0.481913734026854	0.150155402976416	0.000126815829658276	0.365021256745085
Dryad_MT3_CAF_AGTACTGAGTATAGAC	0.000266894098379089	0.0274189533378462	0.291881788479559	0.680147171449427	5.75498975434707e-05	0.000227642737244881
Dryad_MT3_CAF_GAAGGGTAGGAACTCG	0.181223856725475	0.000201687836751459	5.68380163916048e-05	0.778168973495876	5.21787821677729e-05	0.0402964651433385
Dryad_MT3_CAF_TCACACCGTAACACGG	0.0261170739233323	0.011157850209931	0.000157339885153056	0.89615754511838	0.000169047438271275	0.0662411434249319
Dryad_MT3_CAF_AACCCAAAGGCCTTGC	9.79499814901514e-05	0.00049293120915832	0.219717423321858	0.730551905424934	0.000119229942277599	0.0490205601202826
Dryad_MT3_CAF_CGGAATTAGAGGCGGA	0.0378478375233736	3.99697155114351e-05	0.448322380700764	0.513495380340946	1.99996929089983e-05	0.000274432026495251
Dryad_MT3_CAF_AATTTCCGTCCAAATC	0.216930276883677	5.71006904684531e-05	5.71673204782067e-05	0.782323283132926	4.84178496148854e-05	0.000583754122835749
Dryad_MT3_CAF_AGGTCATCATAAGCAA	8.70857519889582e-05	6.49380410043637e-05	0.626768750689424	0.372930542458745	2.0278446913223e-05	0.000128404611923789
Dryad_MT3_CAF_TCACAAGGTATTTCTC	0.0941248277577643	0.061760566356657	0.0792733346815498	0.713355723202205	0.00895058498842171	0.0425349630134018
Dryad_MT3_CAF_ATCAGGTCATCGATAC	0.314163769128408	2.74261835176162e-05	0.297265097930398	0.388482915827282	3.66872805240984e-05	2.41036498706021e-05
Dryad_MT3_CAF_CACGTGGTCAAACGAA	0.000377786358793285	0.000249525037012351	0.99925852378298	1.43667712725979e-05	6.42495872353841e-06	9.33730912181099e-05
Dryad_MT3_CAF_TTGGGTACACCGCTAG	9.96177305464909e-05	0.0226586128967139	0.572148526431816	0.371098938916991	5.03410416370158e-05	0.033943962982295
Dryad_MT3_CAF_GGAACCCGTAGCTTTG	0.230050613459781	0.000127655319840879	4.62727868295551e-05	0.74405487421334	5.25968591502647e-05	0.0256679873610582
Dryad_MT3_CAF_TCCTCTTTCCTAAGTG	0.0273071496648257	0.000144171175914856	0.105695121769558	0.822773473508651	0.00103501799443534	0.0430450658866144
Dryad_MT3_CAF_TCGGGTGCACGCAGTC	0.184006600850676	0.00215931858643563	9.44920296136173e-05	0.806886056676742	7.29347813938266e-05	0.00678059707513956
Dryad_MT3_CAF_GAGGCCTCAGGTGTGA	0.000685347135276863	0.0162410550760407	0.64175515800223	0.338450106577271	0.000220097850782895	0.00264823535839908
Dryad_MT3_CAF_TATGTTCGTGTTGACT	0.000175771634665241	0.00584953601775962	0.308212659046826	0.685412915380964	0.000153178790442127	0.000195939129342447
Dryad_MT3_CAF_GATGGAGGTGCTTCAA	0.000679091447907947	0.0741280836317383	0.118986109339097	0.804610945621394	0.000280657816181161	0.00131511214368118
Dryad_MT3_CAF_AACAAGAGTTACGTAC	4.817411177844e-05	4.29645880653564e-05	0.536219625789454	0.46361908477716	1.41656765948303e-05	5.59850569469974e-05
Dryad_MT3_CAF_GCTGAATCACGAAGAC	5.03805911405013e-05	9.5522552746017e-05	0.644949814844864	0.35478836865352	2.00953278646635e-05	9.58180298645349e-05
Dryad_MT3_CAF_TGATGGTAGTAACGAT	0.000876681496216508	0.0706883888118952	0.000103145711421989	0.848603005074662	0.0220029816697134	0.0577257972360915
Dryad_MT3_CAF_AGATCCACAATTCACG	0.0621282989600593	0.0447969934021067	0.0214656450998073	0.792160233273777	0.0780207552168681	0.00142807404738168
Dryad_MT3_CAF_TTGCGTCCAGGTTCAT	0.00291981741553873	0.00311915875427475	0.57214089094019	0.412789099373703	0.000513037981030101	0.0085179955352632
Dryad_MT3_CAF_ATGATCGCATCATCTT	9.93524319731288e-05	0.0160944966128775	0.543603326451644	0.404358595190324	0.0357447789436373	9.94503695448083e-05
Dryad_MT3_CAF_TCCACCAGTGGTCCGT	0.000169172075463899	0.084808235320749	0.176946771717916	0.708183890932596	0.0294819523044574	0.000409977648817377
Dryad_MT3_CAF_AGTCTCCAGCTACTGT	0.000290215372708572	0.0131093887958119	0.000190123415010028	0.936876632314648	0.000145898240149729	0.0493877418616714
Dryad_MT3_CAF_CGAGTTAAGTGGACTG	0.000112179314354832	0.000212007191220123	0.227034715841618	0.751450759926917	6.48555636878885e-05	0.0211254821622027
Dryad_MT3_CAF_ATCGGCGGTATGAAAC	0.113057754144643	0.000332840654742667	0.003094710368866	0.86845246777439	0.000165773022009377	0.0148964540353487
Dryad_MT3_CAF_GTGCACGCACTGCACG	0.000132824860597105	0.000380733271694886	0.516067890039813	0.430551868195497	7.5433136613336e-05	0.0527912504957847
Dryad_MT3_CAF_CCTTGTGCAGAGTGTG	0.000710276272414634	0.000176274079318334	0.520197602679379	0.247793780199609	0.000134450763730058	0.230987616005549
Dryad_MT3_CAF_GAGTTGTAGGCCTAGA	0.0806856534050316	0.000904555103427693	5.44043786977193e-05	0.865141230592175	0.000137448612157666	0.0530767079085108
Dryad_MT3_CAF_CTCCTCCTCGATACTG	0.0460162052957485	0.000218181271475354	0.473574311986874	0.401139811438867	0.000206656288916345	0.0788448337181183
Dryad_MT3_CAF_AATGGAATCGCTTGCT	0.186877319525867	2.98853459425729e-05	0.237040713619099	0.575960869374243	2.05680007505909e-05	7.06441340983466e-05
Dryad_MT3_CAF_TCCGATCAGTAACCGG	4.65267454620515e-05	0.0849086036444939	0.382860672163139	0.531943057561801	4.53474258759475e-05	0.000195792459227468
Dryad_MT3_CAF_GCTACCTCAAAGCAAT	0.236820803375271	0.00215463413089896	0.000494045495620253	0.72104722773149	0.0285211399281522	0.0109621493385671
Dryad_MT3_CAF_GTCAAACAGAGCCTGA	0.283150599660487	0.000591349502286764	6.38336517308375e-05	0.697385563948995	9.63256443012158e-05	0.0187123275921994
Dryad_MT3_CAF_TGATCTTTCTGAGTCA	0.000654729429717979	0.000343866785298393	0.0840590479890954	0.763071760171931	0.00022031020844789	0.151650285415509
Dryad_MT3_CAF_TCATTGTTCACGATAC	0.00533039168691461	0.0424279851588503	0.000185120571793289	0.789035664884249	0.0653559562216133	0.0976648814765798
Dryad_MT3_CAF_CACTGTCTCTTGCAAG	0.000278920008197753	0.0895109948571354	0.3623127578853	0.507077735365655	0.000111632956395182	0.0407079589273158
Dryad_MT3_CAF_TGAATGCGTGCAACAG	0.284419275230629	2.79439878151745e-05	1.91534991430659e-05	0.71537431992198	1.51262821892693e-05	0.000144181078243554
Dryad_MT3_CAF_TTGCGTCTCTGAGCAT	0.0187001282780894	0.00482492572279168	0.539024275204103	0.400730138601789	0.0365237519605633	0.000196780232663438
Dryad_MT3_CAF_CCTCTAGGTCTTTATC	0.0961127785292432	0.0318611640151635	0.000360448469932207	0.805201767746476	0.000301059226121954	0.0661627820130627
Dryad_MT3_CAF_AAAGGATTCGATGGAG	0.000222508783936313	0.000141309914699445	0.0677266466701279	0.9122694410959	5.99164052618119e-05	0.0195801771300749
Dryad_MT3_CAF_TCCTCTTAGAATTGCA	0.0552087166909508	0.0507154569603799	9.79387738501077e-05	0.834522007895537	0.00998183149796126	0.0494740481813208
Dryad_MT3_CAF_TGCTCCAAGGCGTCCT	0.0300113902711432	0.000228460923613862	0.517620829638709	0.257310357359355	0.000176718729206742	0.194652243077973
Dryad_MT3_CAF_AATCACGCATCTCCCA	0.222139210649281	3.26184678740152e-05	0.339489552459714	0.43830502755437	6.26863373547452e-06	2.73222350252578e-05
Dryad_MT3_CAF_GTCCTCATCGCGGTAC	0.217321442787798	9.90044670363889e-05	0.574153629289368	0.191785296080895	0.0165996151223621	4.10122525398029e-05
Dryad_MT3_CAF_CTCCTCCTCACCCATC	0.0127079208100143	0.000425472255410496	0.714017357922053	0.185637980144201	0.000101980999682217	0.0871092878686382
Dryad_MT3_CAF_TCTGGCTGTACTCCGG	0.0759361533970911	0.000844596809988138	0.742922472559077	0.16875724427214	0.000157678095282796	0.0113818548664211
Dryad_MT3_CAF_GCCATTCGTGGAAGTC	0.000216507201979994	0.000102245781238406	0.583659160120135	0.176671193165622	7.47945421148812e-05	0.23927609918891
Dryad_MT3_CAF_AGATAGAAGCCGTAAG	0.0808863427067578	0.0816024954148778	6.537400966027e-05	0.788920704691846	0.000268187397947019	0.0482568957789116
Dryad_MT3_CAF_TGCGGCAGTCACGCTG	0.00073680741283934	0.0001551500416697	0.147028658640683	0.85167778890649	8.62700978190608e-05	0.000315324900498971
Dryad_MT3_CAF_TCAGTCCGTCTTCAAG	0.00020386168790895	0.000403148828332697	0.501309631663432	0.465170858553021	6.18343834857625e-05	0.0328506648838193
Dryad_MT3_CAF_TATCTGTAGGAAGTGA	0.234773707665306	8.63236082542328e-05	7.66583244007132e-05	0.666960737276087	8.76583187453699e-05	0.0980149148072067
Dryad_MT3_CAF_ACATCCCCATTGGATC	0.074781229862284	0.0634304352408688	8.77836051129476e-05	0.82845269914093	5.6553097243549e-05	0.0331912990535608
Dryad_MT3_CAF_TCCTAATGTACGTGTT	0.00385626916235472	0.0360256186400008	7.03112255238391e-05	0.84999028730544	0.000180521453645748	0.109876992213035
Dryad_MT3_CAF_GTCAAGTAGTTCCGTA	0.0679506808052333	0.0927324038889329	1.69475471518093e-05	0.839187335112818	2.34868565159794e-05	8.91457893479419e-05
Dryad_MT3_CAF_TTAGTCTAGGGAGGTG	0.209255593271098	0.000280309212847633	4.04023034916395e-05	0.770861198416921	7.53537026689449e-05	0.0194871430929735
Dryad_MT3_CAF_ACGTACAGTCGCATTA	0.107583830544278	8.92711145270358e-05	0.000261026338177336	0.867147216404891	0.000181322014351237	0.0247373335837751
Dryad_MT3_CAF_TACTTGTCAAATTGCC	0.17870847823874	0.000122132467124857	0.0982282359847131	0.722637046700991	8.62434352788523e-05	0.000217863173152178
Dryad_MT3_CAF_GTGCTGGAGTGAACAT	0.000320696297395067	0.000254480093932942	0.000142837639899735	0.722191896934023	0.000130862569072364	0.276959226465677
Dryad_MT3_CAF_GTGCAGCTCTAGAGCT	0.0292396837230825	0.00126123453938877	6.94871026546884e-09	0.898329071515501	0.00387947626407349	0.0672905270092445
Dryad_MT3_CAF_TGTAGACGTTATAGAG	0.000266120633702436	0.0289938706435833	6.90081208835609e-05	0.919731709890551	0.00758457470948943	0.0433547160017905
Dryad_MT3_CAF_CCTATCGAGTCAGGGT	0.205458676718202	0.0238758389607754	7.67821910181667e-05	0.728800637254648	0.00840329631580521	0.0333847685595511
Dryad_MT3_CAF_AGGATAAAGACGGAAA	6.06332854193074e-05	0.000361811971821202	0.143501949638937	0.821091798118924	0.0101438536181302	0.0248399533667682
Dryad_MT3_CAF_TCTTTGATCGTTCTGC	0.222346361048798	5.7415725795953e-05	0.489321139354744	0.28816923660321	6.23936535842312e-05	4.3453613867917e-05
Dryad_MT3_CAF_CTTCGGTCAAGTGATA	0.000576615245342004	0.0735509761250286	0.511367928876815	0.369334549974887	7.70624347962648e-05	0.0450928673431312
Dryad_MT3_CAF_ACATCCCTCCATTGCC	0.00210510064326025	0.000318183416328215	0.000777063382510817	0.469611797073288	0.0400744757729226	0.48711337971169
Dryad_MT3_CAF_TCGCTCATCTAATTCC	0.290502092149736	6.74550551305285e-05	0.118158879750471	0.567179018904823	5.3538923612827e-05	0.0240390152162262
Dryad_MT3_CAF_ATACTTCTCATGCGGC	0.356879788045631	0.000138797121524447	0.000251746779596705	0.634726998180706	0.000115697104880173	0.00788697276766165
Dryad_MT3_CAF_TCATTACCAACCACGC	0.005067454426624	0.0686897720811339	0.0877582649774675	0.8038451777203	0.0108842822241547	0.0237550485703196
Dryad_MT3_CAF_AGAAGTACATAGAAAC	0.00561826683470061	0.000523370300872317	0.582023884506594	0.357911137739087	7.69734092760135e-05	0.0538463672094705
Dryad_MT3_CAF_ATCCGTCAGGGAGGGT	0.012948398983058	0.0151749379019411	8.45710562037504e-05	0.947555206020939	0.0238566248401241	0.000380261197734413
Dryad_MT3_CAF_CAGTTAGAGGCCTAGA	0.000102812284200818	0.013103017352262	5.74373976806696e-06	0.93189445961272	0.000224548024133656	0.0546694189869161
Dryad_MT3_CAF_TCATACTGTCCGGTCA	0.137262405946357	9.44235478310702e-05	6.55603577784496e-05	0.752450207237239	7.59194811102173e-05	0.110051483429685
Dryad_MT3_CAF_AGACTCAAGGAAGTAG	0.0842251598308834	7.67472298205992e-05	0.102764593023229	0.754698127416184	0.0578303094094582	0.000405063090424832
Dryad_MT3_CAF_CTGTGGGAGGAACGCT	6.98048700174523e-05	0.000260299731311934	0.771422266321407	0.0899656335863851	1.84239300826818e-05	0.138263571560796
Dryad_MT3_CAF_AGCGCTGAGAGGCTGT	0.110456955825436	0.0720247380628774	0.000174920251853767	0.779940955619536	0.0227854176982176	0.0146170125420786
Dryad_MT3_CAF_AATCACGTCGATGGAG	0.000268099378227598	0.0465787271701308	0.141105736600829	0.771157557602041	0.0170641878320029	0.0238256914167692
Dryad_MT3_CAF_CCGTGAGCAGAAACCG	0.197445642991855	2.90513922983221e-05	2.06130766786106e-05	0.802431522918484	1.11415867657588e-05	6.20280339180291e-05
Dryad_MT3_CAF_GTCTCACGTAGTTACC	0.236135001802571	6.9824714110796e-05	9.35129814321044e-05	0.745084976044097	0.000183120419585636	0.0184335640382034
Dryad_MT3_CAF_TGAGGAGAGGAAGTCC	0.210724835430209	0.00913482798278692	6.71875306095118e-05	0.766303656862254	0.000248197467227355	0.013521294726913
Dryad_MT3_CAF_ACTTTCAAGCGAACTG	0.000500659381023361	0.0207276256621893	0.470633409698976	0.48698857357426	0.000176646275051215	0.0209730854084998
Dryad_MT3_CAF_TCTAACTGTTAAAGTG	0.000219389517147439	0.000216187456345174	0.172876650805391	0.771530097733719	0.0111670596706287	0.0439906148167687
Dryad_MT3_CAF_GACGTTAGTGGCTACC	0.000170267661161232	3.27545040237711e-05	0.579186079526401	0.42053883434166	2.00631766502568e-05	5.20007901041998e-05
Dryad_MT3_CAF_TTGTTTGAGCCATTGT	0.000117960323794706	0.0756716901734548	6.59031268293653e-05	0.846425981435387	0.000100813346585929	0.0776176515939486
Dryad_MT3_CAF_AATGACCTCGCGTGAC	0.0331340938686631	0.00322822948051329	0.00981245086752708	0.938984499979284	0.00025050494714922	0.0145902208568628
Dryad_MT3_CAF_GTAGAAAGTATCGATC	0.017886345150638	0.000480775350520679	0.22063955217523	0.629977276569673	0.115273573592949	0.0157424771609906
Dryad_MT3_CAF_GGGATGAGTTGGCTAT	0.000193305947455896	0.000144911588347025	0.215823282759987	0.78374308991654	2.36241290480743e-05	7.17856586224053e-05
Dryad_MT3_CAF_TCAGTGATCTCGTTTA	0.00014261969804015	0.0451459619464413	0.552250306717849	0.386434943561253	0.000137958050060137	0.0158882100263566
Dryad_MT3_CAF_CAGGCCATCTTCCCGA	0.0220718202808181	0.00122097208540486	0.383423761223093	0.522094457282046	0.0656749138079798	0.0055140753206577
Dryad_MT3_CAF_GTAATCGTCTACGCAA	0.0902877309227416	5.30924356074814e-05	0.44059065560914	0.468874146849003	4.46430973837025e-05	0.000149731086124509
Dryad_MT3_CAF_TTGTTTGGTTGAGTCT	0.000168741563698383	0.0809188596948332	0.0632186116190942	0.854592441235501	7.98681501195822e-05	0.00102147773675356
Dryad_MT3_CAF_CACAGGCAGATAGTCA	0.0612245525177245	0.0218196269620201	0.000118127079478864	0.902822483015147	0.000191218931252826	0.0138239914943771
Dryad_MT3_CAF_TACAGGTTCTGCTAGA	0.000527549693989932	0.000551436621694877	0.508271640649467	0.446564404546456	0.012653404577773	0.0314315639106198
Dryad_MT3_CAF_TGAGGAGGTATACGGG	0.000126433774285732	0.000137883215336886	0.558656922718184	0.326277788311472	7.57843576933887e-05	0.114725187623028
Dryad_MT3_CAF_TCGTAGATCACCCTGT	0.0273893507756845	0.0769813880432737	0.148987282275124	0.716173342475361	0.0303366246057288	0.000132011824828551
Dryad_MT3_CAF_CCACCATTCAAAGAAC	0.102507419363872	0.000294011152390472	0.000129592291405874	0.863359560611739	0.000105099590819473	0.0336043169897731
Dryad_MT3_CAF_TTACGCCCATTGTAGC	0.132809350701504	7.8142440922636e-05	0.787113498411077	0.0794039218907687	0.000239448665948769	0.000355637889778975
Dryad_MT3_CAF_TTGTTTGCATCGCCTT	1.96149073152654e-05	0.0025312641086435	0.259504643591526	0.737616176671489	1.5722359255213e-05	0.000312578361771116
Dryad_MT3_CAF_TGGGCTGTCAAACGAA	0.000357633567888798	0.102445586958059	0.48796669030792	0.391395948966386	0.00066876040082235	0.0171653797989236
Dryad_MT3_CAF_GATTCTTGTCACCCTT	0.225518070379471	0.0014067341347642	0.732628150217547	3.94297253039548e-05	0.0167207357087471	0.0236868798341666
Dryad_MT3_CAF_GCATCGGGTCTGATCA	0.000181413737596765	0.000199039873013677	0.416021460249102	0.168773518951411	0.000457922396978365	0.414366644791899
Dryad_MT3_CAF_CTGCTCACATTGCCTC	0.000191717438837199	0.000280486558594099	0.0685678068299764	0.841453351821619	0.0696592856255727	0.0198473517254001
Dryad_MT3_CAF_GAAGCGACACATGGTT	6.78799147892717e-05	0.000129762000209583	0.408007663336731	0.591664159887727	2.88308918433045e-05	0.000101703968700549
Dryad_MT3_CAF_AGCCAATAGGCATCGA	0.23765463871522	2.23400521812719e-05	3.8540094279907e-05	0.762202178824934	1.21251752391531e-05	7.01771381457646e-05
Dryad_MT3_CAF_TGTTGAGCATGGCCCA	0.0777763022030196	0.0688037461909583	8.51596482750621e-05	0.789437892430489	0.000249756728392604	0.0636471427988652
Dryad_MT3_CAF_CCTGCATCAATTCTTC	0.000834271720578328	0.000433747059198105	0.727020321842073	0.222162046647135	9.68911262666687e-05	0.0494527216047492
Dryad_MT3_CAF_CGTGTCTAGGATCATA	0.11413803717633	6.19951921292193e-05	5.63840712678074e-05	0.885634309780652	1.77446972480717e-05	9.15290823728454e-05
Dryad_MT3_CAF_ACCAAACGTCCGCAGT	0.000132116960694856	0.000873978561710993	0.120403544366824	0.863387280599021	0.000136607795853129	0.0150664717158965
Dryad_MT3_CAF_CTAAGTGTCATGTCTT	0.073960617064645	0.0496508818288273	0.00256878426713285	0.870442412203617	0.00183353436308433	0.00154377027269364
Dryad_MT3_CAF_CCGAACGGTTCTAACG	0.00116421863035606	0.0419255643978642	0.783693789370371	0.126862277594485	0.00268064298585168	0.0436735070210725
Dryad_MT3_CAF_CATCCCAAGGGTACGT	0.00106187499785783	0.000433063802391013	0.000218282313183115	0.846009682832212	9.78209832309173e-05	0.152179275071125
Dryad_MT3_CAF_TTGCGTCTCTGTCCCA	0.0227146746137529	0.000503398310965821	0.541093589543802	0.39914550415701	4.57713911475497e-05	0.0364970619833219
Dryad_MT3_CAF_GTCCTCATCTCGGCTT	0.0212695281410547	0.000661428375593822	0.326980579343286	0.563329690416801	0.0509725685776999	0.0367862051455643
Dryad_MT3_CAF_CTCGAGGTCGGAAGGT	0.000255030129612464	0.00013899817971416	0.394023174118034	0.367773970512944	8.65114412003112e-05	0.237722315618494
Dryad_MT3_CAF_CACTAAGCACAGCCAC	0.248801715903406	0.000118522296319318	7.1350360174515e-05	0.739063333817602	0.000106623895274763	0.011838453727223
Dryad_MT3_CAF_TGTCCACGTTGCGGCT	0.0686500063956905	0.000295041894439483	0.54557974114562	0.306473047557119	9.17127387925036e-05	0.0789104502683383
Dryad_MT3_CAF_CTTAGGATCGCTGACG	0.000377429865640562	0.0900968285212958	0.000191264934586005	0.85951688001231	0.000108047524461914	0.0497095491417052
Dryad_MT3_CAF_TGACTCCTCGTTGTTT	9.37552436658516e-05	8.88386886673911e-05	0.605596529749518	0.394036544102108	5.26047051431733e-05	0.000131727510898131
Dryad_MT3_CAF_GTTCTATTCTTCGGAA	3.21052992445365e-05	2.55336804431282e-05	0.568502023502028	0.431385177448491	1.67694224917895e-05	3.83906473011954e-05
Dryad_MT3_CAF_GTAATCGGTCCGGCAT	0.000237840409776349	0.0513848337892701	0.243302205320926	0.686485317536709	0.0180685771248638	0.00052122581845485
Dryad_MT3_CAF_TTAGTCTCAAAGCAAT	0.000341131795166881	0.00038672847654204	0.00116714199742556	0.506536699717004	0.000928404401382003	0.490639893612479
Dryad_MT3_CAF_TAGACCACAATTAGGA	5.59218136342035e-05	4.90047301507825e-05	0.595538567335774	0.404242850619761	2.7000306987699e-05	8.66551936919412e-05
Dryad_MT3_CAF_TTCAGGACACTTGGGC	0.0161481386514823	0.0892167031256765	0.10094739526125	0.788824527018988	0.00441911591756612	0.000444120025037225
Dryad_MT3_CAF_GCTGAATGTGCCTGCA	5.0044533981942e-05	6.69574853427929e-05	0.840807752305612	0.158980471594669	2.53448627544452e-05	6.94292176400291e-05
Dryad_MT3_CAF_GTAGCTATCTACCACC	0.00161432896105572	0.0837544227051472	0.0366876502835315	0.831444608211321	0.000277002006810365	0.0462219878321338
Dryad_MT3_CAF_GGAGGTAAGCAGATAT	0.229253085545611	9.07178991780897e-05	0.000162977003732836	0.770153242002756	6.81721106254317e-05	0.000271805438096768
Dryad_MT3_CAF_TCACGGGCAGACGGAT	0.00107379476587657	0.0397982328480176	4.58168592785071e-05	0.916567611295151	0.00125696944550157	0.0412575747861744
Dryad_MT3_CAF_GACTCAACACAGAGAC	2.09437025111617e-05	3.09157053764266e-05	0.701432840093273	0.298474351684527	9.35498034558836e-06	3.15938339666755e-05
Dryad_MT3_CAF_TTGCCTGCATTGTACG	9.03018785397833e-05	9.12870538906227e-05	0.5365750988955	0.463089816781842	4.04255353416521e-05	0.000113069854886195
Dryad_MT3_CAF_CTCAACCAGCACGATG	0.0354227323142075	0.0114922671886908	0.0719362377717154	0.771027655152363	0.0308304092959569	0.0792906982770668
Dryad_MT3_CAF_ATGCGATTCCTGGGAC	2.58002651768686e-05	0.176930127984988	0.13854786670706	0.684337694312443	4.75101192458585e-05	0.000111000611085521
