dataset	replicate	cell_id	resident	inflammatory	myofibroblast	ECM-remodeling	antigen-presenting	IFN-stress
GSE163973	1	GTCATCCAGAATAACC_4	0.331230293606923	0.000401172788949937	0.220692187844897	0.0896169464165115	0.120213557591337	0.237845841751381
GSE163973	1	TCAAGTGGTGCGGATA_6	0.0243835555740167	0.0734328288925047	0.148234358093132	0.689353142315192	8.43316792361909e-05	0.0645117834459192
GSE163973	1	AGGCCACAGTGGACTG_5	0.000731712465674735	0.0606615538425162	0.00312801265048066	0.908921818226882	0.00740118976697433	0.0191557130474723
GSE163973	1	GAACTGTAGAGCATTA_5	0.0590478270480726	0.482830364478572	0.0136131250561632	0.303617295104291	0.000172126783073691	0.140719261529827
GSE163973	1	TACAGGTAGAATAACC_1	0.511692262705516	0.146327046029266	0.00017432991331917	0.256606513796746	0.0815857822235697	0.00361406533158335
GSE163973	1	ACTGATGTCCATTTCA_1	0.504261503634244	2.28928373423869e-06	0.0477761522951056	0.447705367417443	8.41897012719589e-07	0.000253845472460462
GSE163973	1	GTTACCCGTAAGGCTG_1	0.513725612285513	2.96695582870339e-05	0.0883960811853125	0.397597134799724	2.31170140729092e-05	0.000228385157090345
GSE163973	1	GACCCAGCACCAGACC_2	0.487424683152224	0.181998031525928	9.72228097904143e-05	0.0179104096988634	0.0887038076659745	0.22386584514722
GSE163973	1	AGGGTTTCACACGGAA_1	0.700653849019692	0.000945939980503755	6.5668622333449e-05	0.270014588416506	0.00550802064091331	0.0228119333200511
GSE163973	1	TCACACCGTTCAGCGC_2	0.125766376366475	0.150972842415021	0.156658876119168	0.42585980200133	0.140205043905381	0.000537059192626222
GSE163973	1	TTCTGTATCTAGCCTC_6	0.0395328028325507	7.46419893266925e-05	3.81477942302393e-05	0.898336103409683	4.72669084577768e-05	0.0619710370657515
GSE163973	1	CACGAATCACTGAGTT_4	0.234283035564136	0.534756940285125	0.000161714234300948	0.169106719159975	0.000369294845086806	0.0613222959113765
GSE163973	1	TACACCCAGCCGATTT_3	0.107385008643878	0.000661266793820866	0.270215098946013	0.520009411937886	0.0969741874357947	0.00475502624260753
GSE163973	1	ATTTACCTCGTCGATA_1	0.43274407315917	0.461590375368188	0.0417932739386354	0.062156869300274	1.65415293718382e-05	0.00169886670435996
GSE163973	1	AGTAGCTTCAGCTGTA_5	0.000225960841774938	0.000299522704991208	0.000201990572313544	0.870613543300923	0.028929967044703	0.0997290155352937
GSE163973	1	ACTTATCTCAGACCTA_4	0.211726953581145	0.103643483368912	0.177814960679877	0.462953182605135	0.0430502913337145	0.000811128431216229
GSE163973	1	CGTAGTACAATAGTGA_4	0.57405581896603	0.00183720804289732	0.0163084143844292	0.284009504495446	0.0170838938952086	0.106705160215989
GSE163973	1	CAATTTCCACCTCAGG_2	0.430222190643927	0.000463522542707457	0.0403501597348893	0.167484760824869	0.192447726778941	0.169031639474667
GSE163973	1	CTCAGAATCAGATTGC_1	0.511437313756879	3.2085798403289e-05	1.80789231367461e-05	0.488021117209408	3.01871699772742e-05	0.000461217142195457
GSE163973	1	GTGTTCCGTTGCACGC_1	0.566893343302391	6.52561724668435e-05	1.38462295140755e-05	0.416054457325702	0.0162296464335911	0.000743450536334542
GSE163973	1	TAGCACAGTAGCGAGT_1	0.452962005777571	0.246382351136369	0.0693070480024796	0.13855887677777	5.42644727946485e-05	0.092735453833016
GSE163973	1	CACAACAAGTTGCGAG_6	1.49350771500144e-05	1.27860230110863e-05	0.163247532491235	0.836687087286865	6.57247424291474e-06	3.10866474962248e-05
GSE163973	1	TTCACGCTCCGATAAC_6	0.154854237044736	0.000316620694266521	0.0127155741457469	0.723006347320226	9.39064846606032e-05	0.109013314310364
GSE163973	1	GTATTTCCAGGTCAGA_1	0.541530784094863	0.157137841738625	0.000114032963914104	0.256644285325228	0.0411354722793365	0.00343758359803341
GSE163973	1	GTGGTTAAGTTCATCG_2	0.543472559823421	9.24536599653664e-05	6.70329426234215e-05	0.159433762385563	0.0691795694775416	0.227754621710885
GSE163973	1	ATTCGTTTCGGTCAGC_2	0.309293468162978	0.339204868790044	0.157191913582586	0.116710737628223	0.0713840595703538	0.00621495226581441
GSE163973	1	TTTGATCGTTTATGCG_5	0.00010898250147132	7.10283484513453e-05	3.84807138095362e-05	0.867951454291749	0.0160499314307897	0.115780122713729
GSE163973	1	ATTACCTAGCGCAATG_2	0.000486707216571612	0.787259170829105	0.0376785904616876	0.045301839787488	0.0845271662977461	0.0447465254074023
GSE163973	1	GCTCAAATCTCCGAGG_4	0.476055648543038	0.00160396700543073	0.0679144346455355	0.454031868178018	5.10573302168665e-05	0.000343024297761159
GSE163973	1	GGAGGATCAGTCACGC_1	0.563865148774554	4.53974096608717e-05	0.0611236299919524	0.374678927709364	9.80145769373957e-06	0.00027709465677506
GSE163973	1	ACGTACACACGCGCTA_2	0.269189328378627	0.513120575645624	0.0790763433144718	0.0392460762042735	0.0955869871680309	0.00378068928897314
GSE163973	1	TCGAACACATGCTGCG_4	0.194897078959262	0.374861257854877	0.165849180070607	0.00202687165464374	0.167520658957404	0.0948449525032063
GSE163973	1	CTACATTTCCCATTCG_5	6.78519623693366e-05	0.000109255802706665	4.92850505067543e-05	0.983412974206715	0.000160837023311131	0.0161997959543905
GSE163973	1	GTTCGCTGTAGACGTG_1	0.442752314597267	0.336031492268194	0.0434574832278626	0.158189367744674	5.77093452696803e-05	0.0195116328167327
GSE163973	1	ATTCGTTCAGGTTCGC_2	0.159973519610124	0.382255445152907	7.5053207821774e-05	0.0852089644851558	0.213840939505135	0.158646078038857
GSE163973	1	GAAGCCCTCCGATAAC_2	0.534110904956331	0.000175100117967391	2.41608115771408e-05	0.360660983709583	0.0664079218934661	0.0386209285110748
GSE163973	1	TCGTGCTGTATCGATC_1	0.703496154409128	1.64724811382009e-05	1.32946997155798e-05	0.295954012129735	2.45735703913257e-05	0.00049549270989218
GSE163973	1	CATCGGGAGCAGCAGT_5	0.0904966140259904	0.580222130228386	0.0152706990126331	0.169655036323575	0.116549715681951	0.027805804727465
GSE163973	1	ACAAGCTAGGAATTAC_5	0.0010847318394717	5.50553307803622e-05	1.8271551554308e-05	0.975470739154853	0.0134495841869858	0.00992161793635515
GSE163973	1	CTGGACGGTTACGTAC_3	0.3970096491575	0.000128558753234811	0.160823325419485	0.205238210788148	0.194993221286683	0.0418070345949479
GSE163973	1	GAGATGGTCTCCTGCA_1	0.00011035535438215	0.797681836505321	0.121620317731486	0.0790625434413076	7.03002078341057e-06	0.00151791694671985
GSE163973	1	GTGTGATAGTGCTAGG_2	0.269032753928886	0.442884658644013	0.0434885332480976	0.0477132603628081	0.176490925642988	0.0203898681732065
GSE163973	1	CAATGACGTGGTATGG_1	0.420079846122338	0.547347853202461	0.0317067685188106	0.000135635627788079	2.88152603842176e-05	0.000701081268217986
GSE163973	1	CACGTTCAGCATTTCG_6	0.114468266311103	0.000100207100642842	1.89708763753457e-05	0.592922856961926	0.060327637638561	0.232162061111391
GSE163973	1	AGTAACCTCGGCTTCT_1	0.637313789866299	0.133329107944595	0.000375416323521834	0.228352404350237	1.25322133647248e-05	0.000616749301982565
GSE163973	1	GACATCAAGATTGCGG_4	0.378817386233036	0.237612167844523	0.134546054665016	0.0357834111706104	0.0943386964306268	0.118902283656188
GSE163973	1	TTTGACTTCTACCTTA_6	0.105053054767368	0.000604413658586295	7.89928422685454e-05	0.876726374067999	0.000334614475688657	0.0172025501880899
GSE163973	1	CAACCTCGTAGAATAC_1	0.298808763687045	0.552120062696108	4.07548963629523e-05	0.000251281231046664	0.0665213525524787	0.0822577849369596
GSE163973	1	GTCATCCGTGAGCGAT_1	0.380938826574348	0.000311210642879817	0.118048823251411	0.328103945260555	6.36437002187069e-05	0.172533550570588
GSE163973	1	AGTCACACACTGGATT_2	0.0920283278738408	0.752235799611186	0.0758458508566194	4.42996947741945e-05	0.078347459858933	0.00149826210464703
GSE163973	1	CCACTTGGTGAGACCA_1	0.369263557552676	0.000101671644101255	2.1332500454313e-05	0.3726900768037	0.0990979275268227	0.158825433972246
GSE163973	1	AACAGGGTCCTACTGC_2	0.0769481011917231	0.67346666392011	0.105342069764699	0.00254782024118893	0.0980238472089205	0.0436714976733582
GSE163973	1	TGATTCTAGAAGGTAG_4	0.303839886032346	0.295751564975812	0.0481810592896324	0.170922951326638	0.000227936360260477	0.181076602015312
GSE163973	1	AGTAACCCATTCTTCA_2	0.510702557528923	0.108131673498525	3.29761761882212e-05	0.288378063150823	0.0891536114618353	0.00360111818370524
GSE163973	1	ATTCGTTTCGCGTAGC_1	2.0544610526962e-05	0.815884710054874	0.102929636455621	0.0805802137588947	4.3865182730809e-08	0.000584851254900808
GSE163973	1	CCACAAAAGCCAGAGT_3	0.167947424735148	0.353075883479864	0.104161037730182	0.262425179625141	0.111731968195844	0.000658506233820482
GSE163973	1	AGCTTCCAGCGAGAAA_2	0.356471689528486	0.406552083664848	0.0209106719998896	0.000550433924715923	0.0888637097962963	0.126651411085764
GSE163973	1	ACGGTCGAGGGCAAGG_1	0.551852588985676	4.48494016306072e-05	0.0550851360390537	0.392315670409265	9.18189130795837e-06	0.000692573273066194
GSE163973	1	GGTAATCCACCAGCCA_5	5.41217943752592e-06	2.49249109671572e-05	0.0580774684978233	0.941663732125304	1.5994503082069e-05	0.000212467783385604
GSE163973	1	GAGTTGTAGGAAGTAG_3	0.402229550769589	0.0711320441362203	0.062722283491526	0.284703493931167	0.173398727222023	0.00581390044947476
GSE163973	1	TCTTAGTGTTCTCAGA_4	0.282649437629655	0.154134536064678	0.154154043700692	0.0633733928444917	0.131203477018202	0.214485112742282
GSE163973	1	TGAGGGATCTGCGGGT_1	0.501664363732187	0.114094961073706	0.0863134316258982	0.0815571826726737	0.000380539784292092	0.215989521111242
GSE163973	1	TCCTGCATCTTAAGGC_2	0.23953907988936	0.000259199725218851	0.272948086113383	0.422385237791705	0.0621602942746105	0.00270810220572263
GSE163973	1	GCAGCCATCGTTGTAG_4	0.391648927826802	0.0415905341175702	0.0798795091761713	0.236981184490336	0.203843883340178	0.0460559610489424
GSE163973	1	GTACAGTCAGCTGTAT_5	7.90151039077806e-05	0.000873983921284212	0.0695281922920607	0.929104313053798	5.61321207123593e-05	0.00035836350823737
GSE163973	1	CTGATCCGTCTGTGCG_4	0.151686193493295	0.615007567215589	0.0823123630301307	0.000301302240613858	0.0814665751583211	0.0692259988620499
GSE163973	1	AGAGAATCAGAGTCAG_5	0.0694232633423527	0.286270418548168	1.25113347688329e-05	0.548080953953593	0.0953370673271203	0.000875785493997358
GSE163973	1	GCTTCACTCGGCATCG_1	0.302903896658374	0.415354841993915	0.105588039044419	0.0367981803344685	0.0110207558928228	0.128334286076001
GSE163973	1	CACTGGGCAACGCATT_1	0.522828018681902	0.0630315696950095	6.89090141203419e-05	0.237794796309994	0.13010827073177	0.0461684355672047
GSE163973	1	GCTACAAGTGCATTAC_4	0.470028629273741	0.275014998876718	0.0481313026098066	0.000298324170414528	0.0401818589579289	0.166344886111391
GSE163973	1	GTCACGGTCATCCTAT_6	0.60859035482803	0.000113280669818604	1.97610217233265e-05	0.333993621270679	0.000128154163465446	0.0571548280462832
GSE163973	1	GAATCGTTCACTCACC_1	0.506070571263146	0.255295565278962	0.128512514872983	0.085067423554935	0.000352315935761364	0.0247016090942126
GSE163973	1	ACGTAACAGTTCTACG_4	0.168363678372595	0.000175429185385143	0.0868563645563422	0.621573329520615	0.000221753329495284	0.122809445035567
GSE163973	1	CGTTAGATCTCTTGCG_6	0.0231784938876683	0.0422460131722983	0.166580237437411	0.751174052032696	0.000268899568980193	0.0165523039009461
GSE163973	1	TACAGGTTCTAAGGAA_1	0.403446536531087	8.20153783090964e-05	2.84281736939507e-05	0.483662493284466	0.000150078383033464	0.11263044824941
GSE163973	1	GAAGGGTCACGCGCTA_2	0.230288091307551	0.416798950841713	0.182340338099243	0.00019029177649822	0.170129888906469	0.000252439068524936
GSE163973	1	TGATCAGCAAATCCCA_1	0.634905341379484	0.0267650464030108	0.167438840462102	0.17045603159945	1.46352959930926e-05	0.000420104859960192
GSE163973	1	TGCTCGTGTCAGGAGT_4	0.355823871223027	0.136123300452697	5.13523107115034e-05	0.38084787802805	0.072433609224909	0.0547199887606048
GSE163973	1	AATTCCTTCTTCGGTC_2	0.57424504124195	0.162144096752844	0.00925604580783187	0.0329714584232466	0.120000546100741	0.101382811673386
GSE163973	1	CTTTCGGGTCTGATAC_5	0.0149588634721027	0.0950409475788558	1.97096180013299e-05	0.867386686969658	0.0157444278703364	0.00684936449104569
GSE163973	1	ACCCTCATCCCTATTA_2	0.161533382263724	0.568098788698494	0.000235267836896033	0.00321913877835944	0.18207426089793	0.0848391615245959
GSE163973	1	ATGGGAGCACTCAAGT_1	0.0463233668586068	0.785788500995925	0.12653303273905	0.040306169588806	1.34539777710204e-05	0.00103547583984037
GSE163973	1	CCACCATTCGAACCTA_6	0.272206202331507	0.578986269366883	0.000186210925245349	0.00126102991137561	0.0251251174572761	0.122235170007713
GSE163973	1	TAACGACAGAGTCAGC_2	0.339368960821804	0.393871727227105	0.0899910851375566	0.000888588046722927	0.151764590296818	0.0241150484699933
GSE163973	1	CTCCACACATTCACCC_3	0.163047848613811	0.46406740642123	0.192392979358481	3.03495111949271e-05	0.18001857255208	0.000442843543202881
GSE163973	1	AGACCCGTCTTCTAAC_6	3.72624196192407e-05	3.2169049958753e-05	0.0829144043301935	0.916849844625204	1.92159633135284e-05	0.000147103611711065
GSE163973	1	TCAAGCATCACCATCC_1	0.157626157459266	0.215623356959805	0.171903112525563	0.264331517930452	0.188652580804479	0.00186327432043473
GSE163973	1	TTGCCTGTCGATACGT_2	0.416439803590245	0.186098602364892	0.0970643617717041	0.0643593045637115	0.123531268730822	0.112506658978626
GSE163973	1	TGGGCGTGTTTCAGAC_2	0.171069127413728	0.438638518966927	0.180702543939538	0.0693512781309443	0.139851562394075	0.000386969154788608
GSE163973	1	GTTCGCTAGTAATTGG_5	8.04387860579411e-05	0.000957774763531553	0.00863202334001815	0.951146542565234	0.0377808383727151	0.00140238217244347
GSE163973	1	CGGGACTTCTGTGCAA_5	0.286948749939848	0.311971636207336	0.0026155686323502	0.392097617504066	5.04351765657693e-05	0.00631599253983412
GSE163973	1	ACAAGCTTCGTCGATA_5	1.37358499403834e-05	1.20400311346172e-05	7.27646069247283e-06	0.999906372955781	5.82362386382486e-06	5.47510785875271e-05
GSE163973	1	AGGTGTTGTAAGGTCG_5	0.0648029059960346	0.580048661131828	5.04062292348463e-05	0.26989083325508	0.00152886025390809	0.0836783331339144
GSE163973	1	ACACCAAAGCATGGGT_1	0.242370739335088	0.502275460132161	0.210970441014314	0.0432577690429213	1.29016404736139e-05	0.0011126888350421
GSE163973	1	GCTGGGTGTGAGATCG_2	0.0360039819987255	0.804242028462063	0.148739662141593	0.00070035347847231	0.00884629189494453	0.00146768202420201
GSE163973	1	AATGGCTAGATGAATC_4	0.277239685807072	0.197376498347999	0.258134184248264	0.000864465244485306	0.0777316880199777	0.188653478332202
GSE163973	1	GCATCGGTCGCATTGA_2	0.395728739142401	0.00847450276273561	0.21641125845285	0.323964901590225	0.054843052535402	0.00057754551638667
GSE163973	1	GAGTTTGTCGAGAGCA_6	0.000147237375974443	0.000345422782853156	0.0394091407082512	0.863016550453545	0.0828230562155314	0.0142585924638451
GSE163973	1	TGAATGCAGTGAGTGC_1	0.697526736650156	7.52508433841945e-05	0.0103332065152699	0.277086547619955	3.79250602531942e-05	0.0149403333109819
GSE163973	1	GTTGTAGTCCCTGTTG_4	0.126651125686971	0.526442913912393	0.0573219878558541	0.117720107526684	0.170986985133312	0.000876879884786597
GSE163973	1	AGTCACAAGCTAAATG_3	0.593223434563639	0.0739398963535882	0.137563439032543	0.0741682261768568	0.115769756131649	0.00533524774172389
GSE163973	1	TCTCTGGTCTGGCCGA_1	0.32992076135494	0.355984100102287	0.184153428674777	0.0610714659557899	0.000168003660674396	0.0687022402515317
GSE163973	1	TCCTTTCTCTGGGAGA_4	6.47928187523053e-05	0.465011085324021	0.264644418056989	0.121683387405748	0.147963181225036	0.000633135169454254
GSE163973	1	CCTAACCAGTCAGAGC_6	0.166048309709453	0.00020127879359834	0.0134293288851371	0.819177562534177	7.69189935766413e-05	0.00106660108405766
GSE163973	1	TACTTCATCAATCCGA_1	0.43968637778259	0.360944849205753	0.100150288158872	0.0981837241176443	2.65740337011427e-05	0.00100818670143953
GSE163973	1	TCTTCCTAGGAGAGTA_2	0.142308892555375	0.664119055012642	0.0985370347776528	5.65343947923979e-05	0.0946628008249107	0.000315682434627433
GSE163973	1	TGGATCACAAGATCCT_6	3.89533436526684e-05	3.42728786001043e-05	0.0173219025920361	0.982365192593264	1.31473416733198e-05	0.000226531250773546
GSE163973	1	ACCTACCCATTCAGCA_6	0.424947886121862	0.160008077596404	0.112415595677681	0.282925302845344	0.000132930030276071	0.0195702077284334
GSE163973	1	CCCTTAGAGACAACAT_1	0.150318830112786	0.464029843357818	0.148031782571551	0.0577615521124346	0.0579658234587607	0.12189216838665
GSE163973	1	GCATGATTCGTGCATA_2	0.501017065694697	0.000231370247891012	0.107314457232969	0.163834802843264	0.129920918838819	0.0976813851423597
GSE163973	1	AATGCCAAGGAACGAA_1	0.440925945228897	0.00013251927444276	0.118152679189092	0.313542442569867	0.0986958902835009	0.0285505234542
GSE163973	1	GTAGGAGTCAGTGCGC_6	0.154054488036885	0.0752864878935188	2.5305363310773e-05	0.642653666213926	0.0615196097685392	0.06646044272382
GSE163973	1	ATATCCTAGTTCGGTT_1	0.28775281001639	0.178577404623945	0.243395159007293	0.168743457499806	7.31768637246381e-05	0.121457991988842
GSE163973	1	TCGCTTGAGCTAGTTC_5	8.8041074509028e-05	0.02368187569515	0.0780882459593632	0.881620922250642	0.0118977027341608	0.00462321228617491
GSE163973	1	CCCTCAAGTCGCATTA_1	0.269113786759519	0.178794305187867	0.0532139102872424	0.217628433275378	0.0401858029357694	0.241063761554224
GSE163973	1	CTAAGTGCATAATCCG_4	0.427087603176927	0.0033407214454759	9.12193106415706e-05	0.281765373322742	0.0785403561779917	0.209174726566222
GSE163973	1	CTTTCGGCACACGCCA_1	0.525703710290068	0.0881873300885164	0.140188831705687	0.203788280320071	6.66664409639216e-05	0.0420651811546936
GSE163973	1	CTGAATGGTCTGCCTT_6	0.162527800709213	0.60048023074758	0.0348214649843042	0.107187310537832	0.0264315992771139	0.0685515937439572
GSE163973	1	GGGAGATTCACCTCGT_6	2.90698844213125e-05	1.01840660269828e-06	0.0957747953485707	0.904120270984983	1.96071388552844e-05	5.52382365671436e-05
GSE163973	1	AACCATGCAATAGAGT_6	0.298078527164539	7.34804246289615e-05	2.0628590468622e-05	0.654167413763533	5.38994555553166e-05	0.0476060506012749
GSE163973	2	GTCATCCAGAATAACC_4	0.298039536419038	0.0784560952109514	0.330281006649405	0.15516485452186	0.0782370789063201	0.0598214282924255
GSE163973	2	TCAAGTGGTGCGGATA_6	4.94944545977194e-05	0.243563683728559	2.80217933198696e-12	0.719972202316749	0.0362794924064356	0.000135127090856962
GSE163973	2	AGGCCACAGTGGACTG_5	0.0634787865554028	0.000292045734880054	0.000345626056204045	0.889456706671459	0.000449197407739156	0.0459776375743146
GSE163973	2	GAACTGTAGAGCATTA_5	0.192058360628085	0.351833241860283	0.00700059264366246	0.345948305620082	0.0626964760743425	0.0404630231735439
GSE163973	2	TACAGGTAGAATAACC_1	0.506969251331061	0.235916704464021	9.28406501382813e-05	0.216256574239077	0.000240831701946391	0.0405237976137566
GSE163973	2	ACTGATGTCCATTTCA_1	0.45625630533809	4.55294188700518e-06	1.6870751537699e-06	0.543705616553441	1.99924253765369e-05	1.18456660516292e-05
GSE163973	2	GTTACCCGTAAGGCTG_1	0.385943575810747	0.00866877856250475	0.048884296547248	0.555924032781439	0.000308375058925865	0.000270941239135446
GSE163973	2	GACCCAGCACCAGACC_2	0.667897106007266	0.166794510300363	0.025983155017181	0.0217309434865658	0.000203720258795844	0.117390564929828
GSE163973	2	AGGGTTTCACACGGAA_1	0.676039105298595	8.12255065918605e-05	2.26772820568358e-05	0.323384440159884	3.55210262946018e-05	0.000437030726577285
GSE163973	2	TCACACCGTTCAGCGC_2	0.071301661594036	0.284644962719872	0.164984771911111	0.382378350752074	0.000128467097300467	0.0965617859256075
GSE163973	2	TTCTGTATCTAGCCTC_6	0.114404156984077	1.33722270218334e-05	2.33092458819267e-05	0.885410738776755	9.48640270768943e-06	0.000138936363555828
GSE163973	2	CACGAATCACTGAGTT_4	0.338868100845748	0.431715314964461	0.000161569546813047	0.184324192789939	0.0259224665609461	0.0190083552920925
GSE163973	2	TACACCCAGCCGATTT_3	0.000219778814745079	0.113121352557071	0.244432451615842	0.460979489584661	0.180404140132633	0.00084278729504816
GSE163973	2	ATTTACCTCGTCGATA_1	0.439203963557275	0.484687445178541	0.000557945828762308	0.0749061131203539	0.000110896097633659	0.000533636217434201
GSE163973	2	AGTAGCTTCAGCTGTA_5	0.000805682642508095	0.000116057537741838	0.000241873317307269	0.859383355784679	0.0656210157235178	0.0738320149942458
GSE163973	2	ACTTATCTCAGACCTA_4	0.0177822902940893	0.213735524637491	0.222474608322281	0.544698616340859	0.000854900295802959	0.000454060109476323
GSE163973	2	CGTAGTACAATAGTGA_4	0.61035917876454	0.000287164719977828	0.000136217096928744	0.302520611045735	0.0684469568319944	0.0182498715408241
GSE163973	2	CAATTTCCACCTCAGG_2	0.498183715374257	0.000327521990994599	0.173626198423279	0.16143776522248	0.000397153267503847	0.166027645721486
GSE163973	2	CTCAGAATCAGATTGC_1	0.447283262275851	0.000203825580497343	9.72554711548329e-05	0.535408054469503	0.0169717212630594	3.58809399341688e-05
GSE163973	2	GTGTTCCGTTGCACGC_1	0.561156606224572	0.00140581455394206	5.34847858401415e-05	0.389740340101432	5.3678492578379e-05	0.0475900758416361
GSE163973	2	TAGCACAGTAGCGAGT_1	0.439607930921396	0.34916156349288	0.0168477384685951	0.180194109435743	0.0139136915746657	0.00027496610672009
GSE163973	2	CACAACAAGTTGCGAG_6	6.54244252702377e-08	8.63053061999735e-05	0.116472623699548	0.883348879955235	2.86256396487777e-05	6.34999749427305e-05
GSE163973	2	TTCACGCTCCGATAAC_6	0.194348272870295	6.24199200305458e-05	0.0642366897798734	0.741042718867507	2.30841289345014e-05	0.000286814433360238
GSE163973	2	GTATTTCCAGGTCAGA_1	0.473482545809482	0.253865184885174	5.21038539024572e-05	0.26607687688265	9.33462344529324e-05	0.00642994233433845
GSE163973	2	GTGGTTAAGTTCATCG_2	0.693272508823933	3.05596983629489e-05	8.64142863252393e-05	0.151620896119872	0.0451663088624899	0.109823312209017
GSE163973	2	ATTCGTTTCGGTCAGC_2	0.280136128555766	0.456366263076616	0.16140701920961	0.0740414806903234	0.000435322164307366	0.027613786303377
GSE163973	2	TTTGATCGTTTATGCG_5	0.000151261196910582	5.36545870148776e-05	7.44336583030255e-05	0.881029631324505	0.0298602085644163	0.0888308106688507
GSE163973	2	ATTACCTAGCGCAATG_2	0.0250941794646458	0.659811091895377	0.0805023650452939	0.0420465680864655	0.075994600644587	0.116551194863631
GSE163973	2	GCTCAAATCTCCGAGG_4	0.34424569022908	0.0992665095752644	2.31803876341973e-05	0.556264408594561	5.20738343616962e-05	0.000148137379098068
GSE163973	2	GGAGGATCAGTCACGC_1	0.480353821259203	2.21256915001906e-05	1.38871490267441e-05	0.519076055075615	0.000484020556769948	5.00902678853447e-05
GSE163973	2	ACGTACACACGCGCTA_2	0.298841381626126	0.498595152671158	0.0964896612797375	0.0117830575369827	0.00100628103271834	0.0932844658532773
GSE163973	2	TCGAACACATGCTGCG_4	0.147271777230472	0.458810028970188	0.236293388806146	0.00168995428511985	0.0240093607890361	0.131925489919038
GSE163973	2	CTACATTTCCCATTCG_5	0.000108695761846069	6.65362207402798e-05	4.60376326349556e-05	0.971401933283002	8.04244813951283e-05	0.0282963726203812
GSE163973	2	GTTCGCTGTAGACGTG_1	0.346125817706719	0.421151998028226	6.00336193926699e-05	0.184970685092051	0.0474380562150329	0.000253409338577832
GSE163973	2	ATTCGTTCAGGTTCGC_2	0.309552843435301	0.31245688112741	0.000301817026080888	0.0537043197763127	0.0300285445376307	0.293955594097265
GSE163973	2	GAAGCCCTCCGATAAC_2	0.565192286782467	0.000209367165344603	5.4113815006593e-05	0.367506210949043	4.73399062244752e-05	0.0669906813819144
GSE163973	2	TCGTGCTGTATCGATC_1	0.646233823576325	3.4429553452603e-05	1.95000404618471e-05	0.353552521724331	1.80797795351801e-05	0.000141645325894745
GSE163973	2	CATCGGGAGCAGCAGT_5	0.205878294844972	0.452477320090176	0.0876737852814809	0.124330615213811	0.0020035738605675	0.127636410708993
GSE163973	2	ACAAGCTAGGAATTAC_5	0.00861719723102131	5.73537143336058e-05	5.7730401265214e-05	0.931509006558019	4.87223880589103e-05	0.0597099897073023
GSE163973	2	CTGGACGGTTACGTAC_3	0.413762737511244	0.0361462966125428	0.226459940844685	0.198751045644429	0.000265873538356835	0.124614105848743
GSE163973	2	GAGATGGTCTCCTGCA_1	5.07360562732057e-05	0.78165252843587	0.0993601519566118	0.0380134231400713	0.0805057692226432	0.000417391188530898
GSE163973	2	GTGTGATAGTGCTAGG_2	0.316139966108218	0.393092913213588	0.0980251989391083	0.000372222371694728	0.000222396183810549	0.19214730318358
GSE163973	2	CAATGACGTGGTATGG_1	0.411281487720718	0.581115668445743	0.000386940157197805	0.00649542704781109	7.75167739961649e-05	0.000642959854533679
GSE163973	2	CACGTTCAGCATTTCG_6	0.259126384238654	6.98749351994162e-05	3.60494290874216e-05	0.561943499656625	0.0324423347188471	0.146381857021587
GSE163973	2	AGTAACCTCGGCTTCT_1	0.528675876603931	0.168882455440266	2.96193523513716e-05	0.302139296766401	2.67894099132407e-05	0.000245962427136344
GSE163973	2	GACATCAAGATTGCGG_4	0.363616141103299	0.287935785397865	0.154383959234788	0.0464689754604816	0.0704431069021513	0.0771520319014158
GSE163973	2	TTTGACTTCTACCTTA_6	0.0923566034040306	0.000244721678574395	9.05151328822765e-05	0.884454656424384	6.05687059712701e-05	0.0227929346541572
GSE163973	2	CAACCTCGTAGAATAC_1	0.367176403511649	0.502218126597571	9.0882838941398e-05	0.000258056228592339	0.000116669085315726	0.130139861737931
GSE163973	2	GTCATCCGTGAGCGAT_1	0.390128704931691	0.000115881036629106	0.128227854648233	0.377747687314961	0.103625736613483	0.000154135455002087
GSE163973	2	AGTCACACACTGGATT_2	0.133043584781393	0.640581656091614	0.11564640707708	0.000151298423162959	0.034750993388548	0.0758260602382019
GSE163973	2	CCACTTGGTGAGACCA_1	0.561528322301345	8.82382443256947e-05	0.000255453477797641	0.30933448739185	0.000248254364437377	0.128545244220245
GSE163973	2	AACAGGGTCCTACTGC_2	0.0728575852460658	0.635727605033718	0.13704372492437	0.000477789110825229	0.0462783711890546	0.107614924495967
GSE163973	2	TGATTCTAGAAGGTAG_4	0.358232682288557	0.32350679286423	0.011549777258227	0.231648224765819	0.0741356788779626	0.000926843945205021
GSE163973	2	AGTAACCCATTCTTCA_2	0.530817028641903	0.141979684456673	0.000196804931058682	0.246271585812388	5.72201989977769e-05	0.0806776759589794
GSE163973	2	ATTCGTTTCGCGTAGC_1	0.136299706395898	0.746516196857549	0.0893012154553065	0.000298346568791799	0.027256304942726	0.000328229779728672
GSE163973	2	CCACAAAAGCCAGAGT_3	0.0049317737942661	0.440478355371159	0.119064921600273	0.300864458731203	0.0629980020108073	0.0716624884922915
GSE163973	2	AGCTTCCAGCGAGAAA_2	0.467561000758082	0.317218335821222	0.0821370351693356	0.000580128639572952	0.000313901567723088	0.132189598044064
GSE163973	2	ACGGTCGAGGGCAAGG_1	0.45675948178772	0.0536167488838019	2.89033676797881e-05	0.465518051543698	0.0238911865812818	0.000185627835818884
GSE163973	2	GGTAATCCACCAGCCA_5	7.6656659052149e-05	0.000119449123926169	0.0129000156983829	0.974707311554036	0.00198472087936667	0.0102118460852355
GSE163973	2	GAGTTGTAGGAAGTAG_3	0.363479045452093	0.161505888954892	0.0383379420376083	0.221406418473396	0.0450908608609267	0.170179844221084
GSE163973	2	TCTTAGTGTTCTCAGA_4	0.307127891062302	0.182829810500279	0.149611201011777	0.0357313666025055	0.234646894897323	0.0900528359258135
GSE163973	2	TGAGGGATCTGCGGGT_1	0.561366132355596	0.103778212705944	0.0251983831328742	0.0832419735951715	0.226068923808859	0.000346374401555145
GSE163973	2	TCCTGCATCTTAAGGC_2	0.0871547814154804	0.198300857635758	0.323613235521987	0.390509811023374	3.3505708876927e-05	0.000387808694522963
GSE163973	2	GCAGCCATCGTTGTAG_4	0.499706044878193	0.0217186096549674	0.0987695207377749	0.102432321137021	0.195036080113277	0.0823374234787667
GSE163973	2	GTACAGTCAGCTGTAT_5	0.000179276165330095	0.000232149892751691	0.0361384254293798	0.957553294741832	0.000267441305410774	0.00562941246529602
GSE163973	2	CTGATCCGTCTGTGCG_4	0.204806939209868	0.539307075954813	0.120660555479269	0.000398905712806993	0.0251108244396737	0.109715699203569
GSE163973	2	AGAGAATCAGAGTCAG_5	0.126619812660882	0.234179499494722	0.000129125711721911	0.486539554208477	0.0670173051318799	0.0855147027923173
GSE163973	2	GCTTCACTCGGCATCG_1	0.269547391535531	0.456028901490114	0.0457042756578528	0.074739856100593	0.152739267241297	0.00124030797461234
GSE163973	2	CACTGGGCAACGCATT_1	0.528122134212638	0.125758096024563	8.63446780490888e-05	0.21351463768514	0.000205522280218638	0.132313265119392
GSE163973	2	GCTACAAGTGCATTAC_4	0.618134987695642	0.214923954368939	0.0888535012567379	0.000299458038668556	0.0462628421769354	0.0315252564630776
GSE163973	2	GTCACGGTCATCCTAT_6	0.649106009795524	2.05238716685751e-05	3.66546662454341e-05	0.349636010156133	3.60094120998749e-05	0.00116479209832868
GSE163973	2	GAATCGTTCACTCACC_1	0.417544334980668	0.350794263454879	0.053947554789197	0.0798539739479516	0.0976154691028778	0.000244403724425943
GSE163973	2	ACGTAACAGTTCTACG_4	0.203048527637435	5.48682289588637e-05	0.032373279234302	0.663477550970377	0.0995095706261327	0.00153620330279439
GSE163973	2	CGTTAGATCTCTTGCG_6	4.86905287967211e-05	0.0894711219048947	0.0755045765963277	0.721335013517462	0.112883708853176	0.000756888599342602
GSE163973	2	TACAGGTTCTAAGGAA_1	0.462751582072421	1.00796332499366e-05	1.93103058011547e-05	0.442730792687443	0.0938786117212829	0.00060962357980175
GSE163973	2	GAAGGGTCACGCGCTA_2	0.143022744209188	0.532685363457343	0.214929085707882	0.000268792580625644	0.000725032702281195	0.10836898134268
GSE163973	2	TGATCAGCAAATCCCA_1	0.402749954665622	0.266205822566027	0.0375568947497814	0.259603839109906	0.0337435234867402	0.00013996542192297
GSE163973	2	TGCTCGTGTCAGGAGT_4	0.432186054946792	0.0959978270683	0.000110011370535759	0.357870250935441	8.77045839712688e-05	0.113748151094961
GSE163973	2	AATTCCTTCTTCGGTC_2	0.711309861792576	0.117900124055069	0.0616620442963137	0.0158569469000147	0.0257240795102427	0.0675469434457836
GSE163973	2	CTTTCGGGTCTGATAC_5	0.0812042769562854	0.00122077967846717	4.87886419411062e-05	0.85153596915079	6.87655567479087e-05	0.0659214200157687
GSE163973	2	ACCCTCATCCCTATTA_2	0.283166334947254	0.432751954091841	0.0230238628242945	0.000356430415539582	0.0172957417042162	0.243405676016855
GSE163973	2	ATGGGAGCACTCAAGT_1	8.84974273836872e-05	0.816651281273683	0.0914805001313078	0.037747970459812	0.0532428710432569	0.000788879664556343
GSE163973	2	CCACCATTCGAACCTA_6	0.400860478269181	0.515739996055537	0.00115472276092172	0.00739213112796048	0.0143151275824	0.0605375442039997
GSE163973	2	TAACGACAGAGTCAGC_2	0.31711871595269	0.425581172966607	0.120461000548476	0.000221479225507983	0.000241080959498285	0.136376550347221
GSE163973	2	CTCCACACATTCACCC_3	0.087259855779679	0.574324966103641	0.165803854145034	0.000100720946366159	0.0532068285959769	0.119303774429303
GSE163973	2	AGACCCGTCTTCTAAC_6	1.74774996953482e-05	0.000144958250813972	0.0306072690979163	0.969110984884582	1.60478428895304e-05	0.000103262424102614
GSE163973	2	TCAAGCATCACCATCC_1	0.0531592704367411	0.371670020137608	0.230235200835234	0.207437618309593	0.000379115136306349	0.137118775144518
GSE163973	2	TTGCCTGTCGATACGT_2	0.515966548320684	0.17896369082192	0.106930426594321	0.00753306967042402	0.125970324466621	0.0646359401260304
GSE163973	2	TGGGCGTGTTTCAGAC_2	0.0354494534705005	0.540394145263746	0.229211432428927	0.0964206926742627	0.000146394278830315	0.0983778818837338
GSE163973	2	GTTCGCTAGTAATTGG_5	0.000207623620224153	0.000134979277221273	0.000433744341192971	0.936751084219725	7.50619250754298e-05	0.0623975066165613
GSE163973	2	CGGGACTTCTGTGCAA_5	0.338988436144141	0.253292105147734	0.00020779210805007	0.406576814732961	0.000313851411511374	0.000621000455602776
GSE163973	2	ACAAGCTTCGTCGATA_5	2.40338337110886e-05	1.27115574200214e-05	1.35193262742513e-05	0.999848629305265	1.08995172187278e-05	9.02064601104416e-05
GSE163973	2	AGGTGTTGTAAGGTCG_5	0.22261603616953	0.413949448124697	0.0331125075157881	0.238618924515571	0.0453071122823801	0.046395971392034
GSE163973	2	ACACCAAAGCATGGGT_1	0.000108842691837528	0.718259253854871	0.117876979777766	0.110652565298388	0.0529238070138796	0.000178551363257003
GSE163973	2	GCTGGGTGTGAGATCG_2	0.000839988713647776	0.792104341867178	0.114551034483929	0.000285846422269201	0.0870613009770812	0.00515748753589507
GSE163973	2	AATGGCTAGATGAATC_4	0.230344949183376	0.284919051210619	0.229588131189651	7.07864793134205e-05	0.254304177596152	0.000772904340887842
GSE163973	2	GCATCGGTCGCATTGA_2	0.213558112753503	0.238481289248908	0.196444290050803	0.349217563909014	7.70410594609708e-05	0.00222170297831059
GSE163973	2	GAGTTTGTCGAGAGCA_6	0.000247125601380354	0.000170239546332498	0.0229103839154823	0.846946050529534	0.0135493280676694	0.116176872339602
GSE163973	2	TGAATGCAGTGAGTGC_1	0.63693404054384	1.12224274081324e-05	3.71375697690403e-05	0.362807024693788	0.000132371053304101	7.82037118910812e-05
GSE163973	2	GTTGTAGTCCCTGTTG_4	0.127135405515643	0.445447915136066	0.123555778658678	0.0517412678799652	0.106017445814651	0.146102186994997
GSE163973	2	AGTCACAAGCTAAATG_3	0.55203388345701	0.193798453635037	0.108858021755176	0.00206365143573387	0.0892303070200968	0.0540156826969464
GSE163973	2	TCTCTGGTCTGGCCGA_1	0.209618348189758	0.502919787995332	0.12263177166587	0.0566956983294001	0.107856430053076	0.000277963766564923
GSE163973	2	TCCTTTCTCTGGGAGA_4	0.000112435342933507	0.589716047129462	0.26628731812669	0.000293304776486307	0.100058804352023	0.0435320902724044
GSE163973	2	CCTAACCAGTCAGAGC_6	0.173605430952084	5.75076696890805e-05	0.000159605323645981	0.825562552816498	3.53784708884487e-05	0.00057952476719402
GSE163973	2	TACTTCATCAATCCGA_1	0.314239664359237	0.49249431952859	0.0285505946532949	0.164523945785537	1.44267377130139e-05	0.00017704893562753
GSE163973	2	TCTTCCTAGGAGAGTA_2	0.139475990396249	0.647832291514283	0.0967852412196846	0.000138832534998584	0.0226028511436706	0.0931647931911146
GSE163973	2	TGGATCACAAGATCCT_6	3.60389009583062e-05	2.43056812116447e-05	5.41649612147998e-05	0.999680104010754	5.6321197684935e-05	0.000149065248176533
GSE163973	2	ACCTACCCATTCAGCA_6	0.321847211677824	0.240720666957646	0.0894476972332203	0.347729635164024	5.77499874451416e-05	0.000197038979840123
GSE163973	2	CCCTTAGAGACAACAT_1	0.145795144956251	0.426575027886363	0.142188906661103	0.00740537070296691	0.277024051433028	0.00101149836028912
GSE163973	2	GCATGATTCGTGCATA_2	0.541464856723811	0.000719788424184918	0.204625923926761	0.157889413601181	0.0110912631079812	0.0842087542160816
GSE163973	2	AATGCCAAGGAACGAA_1	0.414284439141665	0.000433229176903319	0.266655348069902	0.240053913401163	6.17659916322055e-05	0.0785113042187345
GSE163973	2	GTAGGAGTCAGTGCGC_6	0.190240065398462	0.0448679484027989	7.46507372714795e-05	0.653633668841397	0.0233296072068648	0.0878540594132065
GSE163973	2	ATATCCTAGTTCGGTT_1	0.0967945455321708	0.406113286113324	0.166004172283609	0.208127280285972	0.122759188201815	0.000201527583109142
GSE163973	2	TCGCTTGAGCTAGTTC_5	0.00015293481349691	0.0268777558078	0.0814844044436975	0.870817211780642	0.000295384959338172	0.020372308195026
GSE163973	2	CCCTCAAGTCGCATTA_1	0.383386604811201	0.169354667167629	0.041552465822456	0.194997946540553	0.184839712085828	0.0258686035723335
GSE163973	2	CTAAGTGCATAATCCG_4	0.642715166192508	0.00188234759370015	0.000302250602389988	0.235810999271181	0.036111069901614	0.0831781664386067
GSE163973	2	CTTTCGGCACACGCCA_1	0.404769494653605	0.288753422599829	0.0468350200998484	0.259195464896557	0.000274972780133838	0.000171624970026783
GSE163973	2	CTGAATGGTCTGCCTT_6	0.190335914411588	0.573117189159658	0.0100754765279016	0.119411719794366	0.0722786408890829	0.0347810592174035
GSE163973	2	GGGAGATTCACCTCGT_6	8.39380195044245e-06	0.000252137253401548	0.0403915587690983	0.959055502427762	6.81285674734683e-05	0.000224279180313871
GSE163973	2	AACCATGCAATAGAGT_6	0.305889425289204	7.7486856016413e-05	2.96548724485198e-05	0.691208319703206	3.35490641720727e-05	0.00276156421495317
GSE163973	3	GTCATCCAGAATAACC_4	0.517898597511679	0.000315433958840153	0.174967037821308	0.13902692555083	0.0955004663309106	0.0722915388264317
GSE163973	3	TCAAGTGGTGCGGATA_6	6.58997961189163e-05	0.0704844037140974	0.104244786935395	0.721164909801389	0.100439108782106	0.00360089097089381
GSE163973	3	AGGCCACAGTGGACTG_5	0.0369305207254438	0.0756853608764795	0.000417968703105029	0.858502766164184	9.10005923227555e-05	0.0283723829384647
GSE163973	3	GAACTGTAGAGCATTA_5	0.169039158285346	0.459963270573764	0.0305659676251692	0.329883480043415	0.000171324022412693	0.0103767994498928
GSE163973	3	TACAGGTAGAATAACC_1	0.637616048476758	0.0891761355400047	6.88309632255298e-05	0.1489630291125	0.104717378787268	0.0194585771202436
GSE163973	3	ACTGATGTCCATTTCA_1	0.304637032822325	3.73089566521122e-05	1.28207449685172e-05	0.579288888509557	0.115987449153894	3.6499812604382e-05
GSE163973	3	GTTACCCGTAAGGCTG_1	0.292533129251932	3.9336273829045e-05	0.0500631273176937	0.542086499832567	0.115083557842576	0.000194349481402588
GSE163973	3	GACCCAGCACCAGACC_2	0.639458032496401	0.221981520418068	0.00016052464938159	0.0514108291549442	9.5864039756483e-05	0.0868932292414487
GSE163973	3	AGGGTTTCACACGGAA_1	0.615284750594405	0.000361369901872976	2.27268413548103e-05	0.345056639838833	0.0389818315200962	0.000292681303438135
GSE163973	3	TCACACCGTTCAGCGC_2	0.229287976884539	0.0214727469550814	0.241464518973252	0.425661824220865	0.00067156781130899	0.0814413651549529
GSE163973	3	TTCTGTATCTAGCCTC_6	0.0561939692026668	2.22893094039988e-05	1.41252581986175e-05	0.943559756181552	1.56430059866368e-05	0.000194217042191648
GSE163973	3	CACGAATCACTGAGTT_4	0.283497686865262	0.491441050834637	0.000416140546840511	0.201863825335754	0.0137440232937195	0.00903727312378645
GSE163973	3	TACACCCAGCCGATTT_3	0.0744842324588774	0.000240482986056904	0.282091747260887	0.551784905488208	0.0588956202090203	0.0325030115969506
GSE163973	3	ATTTACCTCGTCGATA_1	0.387063789099101	0.377684598122158	0.0139186421317957	0.0933546313370924	0.127636064109347	0.000342275200505912
GSE163973	3	AGTAGCTTCAGCTGTA_5	0.000479793301090891	0.000377485311754721	0.000271765866784469	0.904100342173836	0.000112478227163984	0.0946581351193697
GSE163973	3	ACTTATCTCAGACCTA_4	0.112900674203963	0.0239551735163857	0.209127526551742	0.581251992630216	0.0720904748504653	0.000674158247227704
GSE163973	3	CGTAGTACAATAGTGA_4	0.610045279350077	0.00389524522477392	4.4617559216712e-05	0.332107278404865	0.0383465186462638	0.0155610608148037
GSE163973	3	CAATTTCCACCTCAGG_2	0.683177031641009	0.000273004207627161	0.0595183992768398	0.0785357100864729	0.000153837480539365	0.178342017307512
GSE163973	3	CTCAGAATCAGATTGC_1	0.355618873990301	4.44867776392693e-05	7.74129205365017e-06	0.611726534432601	0.0324614854411222	0.000140878066282931
GSE163973	3	GTGTTCCGTTGCACGC_1	0.574401103746597	0.0269588945428377	5.23766048445264e-05	0.398354127196783	5.67577282752933e-05	0.000176740180662511
GSE163973	3	TAGCACAGTAGCGAGT_1	0.354938456327342	0.353307104953359	3.74313269992184e-05	0.194677003761443	0.0969124342796418	0.000127569351214883
GSE163973	3	CACAACAAGTTGCGAG_6	2.30385179819945e-05	3.89964750566611e-05	0.067442916583124	0.787295550181674	0.144869519170786	0.000329979071377377
GSE163973	3	TTCACGCTCCGATAAC_6	0.209492679168293	0.0032152903702066	0.0201996537351168	0.766445254762082	0.000336662175290407	0.00031045978901083
GSE163973	3	GTATTTCCAGGTCAGA_1	0.496789380929853	0.204471241327464	2.74446706168793e-05	0.252849443418045	0.0455618654459469	0.000300624208074844
GSE163973	3	GTGGTTAAGTTCATCG_2	0.694274252259835	0.000110973341353263	3.73603699444358e-05	0.204109869400974	5.35633628843116e-05	0.101413981265009
GSE163973	3	ATTCGTTTCGGTCAGC_2	0.285368280410813	0.346293379371201	0.145858003596217	0.121091001775838	0.0824197098117395	0.0189696250341925
GSE163973	3	TTTGATCGTTTATGCG_5	0.000123264660216331	7.2797972300732e-05	3.77784777563557e-05	0.891785710360677	4.4523585742256e-05	0.107935924943307
GSE163973	3	ATTACCTAGCGCAATG_2	0.0834054407066073	0.743109406988192	0.0827747306604744	0.00418438471469332	0.000550301626894722	0.0859757353031382
GSE163973	3	GCTCAAATCTCCGAGG_4	0.331369858858269	0.000308873427575486	0.0245634509476686	0.55010912730055	0.09342872938465	0.000219960081286968
GSE163973	3	GGAGGATCAGTCACGC_1	0.319791271661969	3.05533482177548e-05	3.64720488854591e-05	0.548980490744388	0.130972382833059	0.000188829363481745
GSE163973	3	ACGTACACACGCGCTA_2	0.33330120407837	0.454516579607697	0.12797393430609	0.0297611089076653	0.000357232506634012	0.0540899405935443
GSE163973	3	TCGAACACATGCTGCG_4	0.345154538117568	0.259283833724169	0.232379996283911	0.00819520782769255	0.00399563612080314	0.150990787925857
GSE163973	3	CTACATTTCCCATTCG_5	8.74074884911146e-05	0.000116503860413632	4.45746878549914e-05	0.97495076076614	4.40067121898478e-05	0.02475674648491
GSE163973	3	GTTCGCTGTAGACGTG_1	0.328399077171832	0.328396720944985	3.93422572939461e-05	0.203086519495563	0.139666958415516	0.000411381714810716
