cell_id	resident	inflammatory	myofibroblast	ECM-remodeling	antigen-presenting	IFN-stress
Dryad_MT3_CAF_ATACCGAGTTCAGTAC	0.237758425616916	0.000860409147544653	0.000144002628033425	0.685146856844749	0.0304255630354657	0.0456647427272909
Dryad_MT3_CAF_TTCACCGAGAATTCAG	0.109262219017999	0.00250328236806281	0.000196279745862376	0.80402226496125	0.0539859870054942	0.030029966901331
Dryad_MT3_CAF_TCAAGACTCTAGTACG	2.82038809376176e-05	7.66495564666191e-05	0.1081513288266	0.86668913239909	0.0244890044487924	0.000565680888112539
Dryad_MT3_CAF_GTCTGTCTCGGCTCTT	0.276883972173279	1.77828203134179e-05	0.387442297294573	0.335566069640013	8.24506864816776e-06	8.1633003173533e-05
Dryad_MT3_CAF_TAGGGTTAGGAAGTGA	0.000196505565832321	0.000262684103750176	0.588913223632571	0.410398758515354	2.46083554503702e-05	0.000204219827042099
Dryad_MT3_CAF_TGCTTCGTCGCCAGTG	0.0552009625326688	0.0243897517530552	9.52054591093667e-05	0.859940070556405	0.000298421219746454	0.0600755884790149
Dryad_MT3_CAF_CTCAAGAAGTGGTTCT	0.239389800440515	0.00410660649919622	8.91012809957335e-05	0.681516070157128	0.000224228083652251	0.0746741935385128
Dryad_MT3_CAF_TCCATGCGTAGCTCGC	0.216298142176067	0.000609972962583316	0.735816813084538	0.0443002016395755	0.000261540886514895	0.00271332925072129
Dryad_MT3_CAF_TCGACGGCAACACGAG	0.259006298203388	0.016249242585201	5.41274768897637e-05	0.724376307042588	2.1216126198693e-05	0.000292808565734457
Dryad_MT3_CAF_CTCAGAATCATTCTTG	9.91728427488182e-05	0.00095900647806922	0.362174205130104	0.566588919290613	0.0472537407608673	0.0229249554975978
Dryad_MT3_CAF_CCCAACTTCGAGGCAA	0.00248418762474018	0.000560125207045046	0.451745205490586	0.520360169379656	0.0003745248655819	0.0244757874323907
Dryad_MT3_CAF_AGCATCAAGGACATCG	0.00111644872994881	0.289350929534594	0.103481945609659	0.604955678241367	5.86396187145909e-05	0.0010363582657165
Dryad_MT3_CAF_TTAATCCAGAATTCAG	0.000362898058617069	0.000323348675915377	0.0750918443575536	0.177461828106132	0.336396451417075	0.410363629384708
Dryad_MT3_CAF_CCCGGAAGTAGGACCA	0.00047265472257661	0.000717625591484989	0.997660096880545	9.14851462537539e-06	0.000537559864428518	0.00060291442633925
Dryad_MT3_CAF_CTTCTCTTCATGAAAG	0.000267688044988062	0.0664035603053691	0.627669093664578	0.305579720658635	5.22570663854725e-06	7.47116197915014e-05
Dryad_MT3_CAF_ACGTTCCTCTCGTGGG	0.000624550812145647	0.147039161333603	0.000194798260422569	0.800387161312682	0.0230335286694223	0.0287207996117244
Dryad_MT3_CAF_CAACAGTGTTGCTTGA	0.000188105303007544	0.000422590419088696	0.786483602713303	0.19178489356215	0.0189646003333878	0.0021562076690638
Dryad_MT3_CAF_CAAAGAAGTACTAACC	0.000122256044182173	6.10379879864106e-05	0.319877023578345	0.679845399632368	1.45262889322494e-05	7.97564681862458e-05
Dryad_MT3_CAF_AGCGTCGGTATCGCTA	0.0883753821464707	0.000136108950391067	0.000158267044733045	0.895327317818776	0.000188229208571625	0.0158146948310577
Dryad_MT3_CAF_GACTGATAGGGTTGCA	0.145622291804706	0.000260626823008817	8.06643142002076e-05	0.750258608895952	0.0282295210630482	0.0755482870990851
Dryad_MT3_CAF_AAAGAACGTACAGTCT	0.179587331949825	0.00630043543048287	0.565961469294211	0.19507682741094	8.54851440918956e-05	0.0529884507704499
Dryad_MT3_CAF_ATAGGCTGTAACTTCG	0.192790494609751	2.45354502133383e-05	5.5669085563068e-05	0.748266049612789	0.00587632594404836	0.0529869252976353
Dryad_MT3_CAF_GCGATCGGTCTCGACG	3.19395544707604e-05	0.000107275583303795	0.351264638202179	0.641566710335007	0.00667737736451939	0.00035205896052022
Dryad_MT3_CAF_AAAGTCCCATCACCAA	3.64289589639816e-05	0.000104267413568618	0.215748480001996	0.746977479173915	0.0366847182223576	0.000448626229198399
Dryad_MT3_CAF_CGAGAAGCACAGTACT	0.11042163328252	0.099582843826832	8.2344138035448e-05	0.788882172349743	6.18906939188191e-05	0.000969115708950492
Dryad_MT3_CAF_AACCAACCAGGTCAAG	0.125436209556425	3.03147658478997e-05	0.0978427361791016	0.776508334242045	4.71326067156723e-05	0.000135272649865159
Dryad_MT3_CAF_TAACCAGAGCTTGTGT	8.77257749476229e-05	0.000142886249058076	0.195914490157495	0.305505445500295	0.166902086982349	0.331447365335856
Dryad_MT3_CAF_AATGGCTCACACTTAG	0.0300332764368696	0.000481630517938586	0.412065647848925	0.00044065515572003	0.000224874897417752	0.556753915143129
Dryad_MT3_CAF_CGTAGTACAAACACCT	0.000172080933043931	0.0432317695538075	0.309705147331332	0.608419433105458	0.00854536833636256	0.029926200739996
Dryad_MT3_CAF_CTACGGGGTGGACCTC	0.000279988731026302	0.000233482232649323	0.257652958667996	0.00107988207514455	0.543081094375245	0.197672593917939
Dryad_MT3_CAF_TTAGGGTCATAAGCAA	0.138283523878722	0.134190728131498	0.0934161504698813	0.632672623683988	3.02004375830242e-05	0.00140677339832769
Dryad_MT3_CAF_CTAGACAGTCTTGCTC	0.000243733891250042	0.000986659689536278	0.404485496903019	0.53001070554472	0.0252808228293364	0.0389925811421383
Dryad_MT3_CAF_CATAAGCAGCTAGAAT	0.202555186972508	0.000243348126790439	0.000167013218585338	0.76059663233725	0.0221556172372546	0.0142822021076114
Dryad_MT3_CAF_CATGCGGAGGAGTATT	0.000575744185940508	0.107234375644785	0.205110981260918	0.652159523363449	0.0164837173769862	0.0184356581679221
Dryad_MT3_CAF_GCGGAAACACATACTG	0.000366471316032742	0.000132686111331582	0.697991182926014	0.145015829778792	0.0691000797077779	0.087393750160052
Dryad_MT3_CAF_GAAGCGATCACCTACC	0.22590635680898	0.0452990034544447	8.13861814896455e-05	0.651106766454481	0.0156790056647015	0.0619274814359032
Dryad_MT3_CAF_CGCCATTGTAGCCAGA	0.00497961258334158	0.106165323281739	0.447733507326499	0.440647522887135	5.59786805196103e-05	0.000418055240765904
Dryad_MT3_CAF_CAACCAATCACGACTA	0.131696106882819	0.000870462514968026	0.00053469432973815	0.8234545080933	0.0284333230349899	0.0150109051441846
Dryad_MT3_CAF_CCACACTAGACGGATC	0.147239773597845	0.000477593797954443	0.127533660845259	0.724656067440722	1.07139632149342e-05	8.21903550044135e-05
Dryad_MT3_CAF_TGGATGTAGTGTTCCA	0.126109247793926	4.85301401027152e-05	0.234752783730287	0.638958717208901	7.93510456308841e-06	0.000122786022220293
Dryad_MT3_CAF_CCGGGTAGTGGGTCAA	0.000270746341434476	0.100234337913449	0.380294770308643	0.509950068336257	0.00711094134617184	0.00213913575404426
Dryad_MT3_CAF_CTGCAGGTCTTCTAAC	0.0285789013103177	0.00457111846273264	0.20021433990438	0.751128912740495	0.0002731299824339	0.0152335975996409
Dryad_MT3_CAF_TCACGCTAGACTCCGC	0.102323593135901	0.000177955146847853	0.869981574826642	0.00089100523724516	0.0158683265306763	0.0107575451226875
Dryad_MT3_CAF_AACCCAAGTAAGTTAG	0.138429671609621	0.0560897474987919	0.000211529323449297	0.774093845145612	0.00037126768052345	0.0308039387420019
Dryad_MT3_CAF_ATGGGTTCATATGCGT	0.096072111779962	4.03718583646915e-05	0.0844240527109636	0.819371014312877	7.65562877395465e-06	8.4793709058555e-05
Dryad_MT3_CAF_GGGTCACGTACTGCCG	0.000159694243143723	0.000147273242747855	0.25668050512634	0.00945219617353642	0.373791085000008	0.359769246214225
Dryad_MT3_CAF_GGTGTCGTCCCAATAG	0.000437092324867838	0.0283080344636931	0.275296219687683	0.695861670204936	6.98911520512332e-06	8.99942036141062e-05
Dryad_MT3_CAF_GTGGTTAAGCCTGGAA	0.000157186427988504	0.000156992159427478	0.000229092208602524	0.363357667388801	0.253290783688384	0.382808278126796
Dryad_MT3_CAF_TGGATCAGTGTAGCAG	0.175298049528047	3.824679084456e-05	0.132097562958192	0.692351818439641	1.11789181632708e-05	0.000203143365111776
Dryad_MT3_CAF_AACCCAAGTGTTATCG	0.110532711894968	0.000275032472327163	0.619336073835494	0.269522472887466	1.66711772774589e-05	0.000317037732467196
Dryad_MT3_CAF_GCACGTGCAGCACACC	0.105221935089979	3.58319437988399e-05	0.0392623498568887	0.855107375206306	0.000166040559319107	0.000206467343708596
Dryad_MT3_CAF_AATTTCCAGGCCGCTT	0.000505353586159398	0.000392412382463507	0.169028508911361	0.225576875455754	0.303106522458973	0.301390327205289
Dryad_MT3_CAF_AAACGCTGTGAGATAT	0.145089318721789	0.0386212521881553	0.000151854632410037	0.766840613914424	0.00016023960248493	0.0491367209407371
Dryad_MT3_CAF_CTTTCAAAGATTGAGT	0.102220542531008	0.00082512755503212	0.89679608671111	5.92929681014053e-06	7.81659980701279e-06	0.000144497306232451
Dryad_MT3_CAF_AGTTCGACATCCTAAG	0.0507147865497202	0.00139481812439008	0.443316711248656	0.487252967718196	0.000141756696084621	0.0171789596629524
Dryad_MT3_CAF_TCTTTGAGTGGATCGA	0.215977108862795	0.000431263845515382	0.471134388660635	0.276481428200649	5.5512716337131e-05	0.035920297714069
Dryad_MT3_CAF_ATTGTTCAGGGATGTC	0.021903531802613	0.00148768887631933	0.55924954031274	0.403887943313955	0.0111886207176566	0.00228267497671608
Dryad_MT3_CAF_AACAAGAGTGCGAACA	0.000321738170981645	0.000346693342258048	0.212869145402996	0.756677169459327	0.000559806111348639	0.0292254475130895
Dryad_MT3_CAF_GTCGAATGTTACGGAG	0.0622830771503093	0.0637160369788327	0.244558071663414	0.628854364231526	2.54901125141003e-05	0.000562959863404799
Dryad_MT3_CAF_GTAGATCCACACAGAG	0.142010703879354	2.40946807788783e-05	0.218074927559408	0.639814120663732	1.03452431642117e-05	6.58079735634517e-05
Dryad_MT3_CAF_CAGGTATCAATTAGGA	0.211513953982975	0.000778325129706145	6.70079133532385e-05	0.719609635429625	8.60942637208499e-05	0.0679449832806195
Dryad_MT3_CAF_CCTCAGTTCACGAACT	0.25961911520411	0.000172342691015601	7.40363929448093e-05	0.65980215877854	0.000541562703965753	0.0797907842294239
Dryad_MT3_CAF_TGATCAGAGGGCAATC	0.13315000915157	0.0126902898520395	0.000911138497019368	0.846160927402872	0.00680620058830574	0.00028143450819404
Dryad_MT3_CAF_GGAATCTCACTGTCCT	0.000124668053039486	0.0324002275499358	0.102078281516428	0.810494982945391	0.0468986395781487	0.00800320035705686
Dryad_MT3_CAF_CACAACATCCGGTTCT	0.000165003387365963	9.74134908068144e-05	0.526490216276731	0.100886505600475	0.205189699173049	0.167171162071572
Dryad_MT3_CAF_CCAAGCGAGGTCGACA	0.333623838287261	6.5496415406239e-05	3.55648137195987e-05	0.66604104157027	1.46608049934824e-05	0.000219398108349657
Dryad_MT3_CAF_CTGTACCTCTGAGGTT	3.13469152068773e-05	5.55089575265545e-05	0.626567496712632	0.37324843851877	1.39103515435721e-05	8.32985443209669e-05
Dryad_MT3_CAF_GGGCTCAAGTACAACA	0.13278906768919	3.71391127568613e-05	0.0891906285645759	0.777866055814593	1.73776922533493e-05	9.97311266309751e-05
Dryad_MT3_CAF_ATTATCCAGTCGCCCA	0.245422080821497	0.0095583448790837	0.000162145105980828	0.686603278620182	0.0164205130973374	0.0418336374759189
Dryad_MT3_CAF_AGATCGTGTATCGCAT	0.0910292500260315	0.00495760992209125	0.000130343375271771	0.89081093122985	0.00464884434682085	0.0084230210999346
Dryad_MT3_CAF_CTCATGCTCGACACCG	0.000197790019906752	0.038606191075453	0.130230140155892	0.790159482725408	0.0393047319652161	0.00150166405812373
Dryad_MT3_CAF_GTCGAATAGCAAGTCG	0.000152980971596106	0.00017075632424576	0.630053831981837	0.369481610945532	1.65628058601918e-05	0.000124256970928604
Dryad_MT3_CAF_CTGTGGGTCGCTTGCT	0.165221324803694	0.0364773222856941	0.000109095028220738	0.735926884578622	0.000281527438671453	0.0619838458650978
Dryad_MT3_CAF_GTAACCAAGTGTACCT	0.00198382460130575	0.0933774231414021	0.661505009596311	0.188744023182693	0.0396087329891626	0.0147809864891259
Dryad_MT3_CAF_GGGTATTTCATCGGGC	0.135590044893309	0.0017119708229954	0.473988219962298	0.339840186443703	0.0351827580457483	0.0136868198319466
Dryad_MT3_CAF_GTTTGGACACCTGTCT	0.000187003557802518	0.000404357486027041	0.485651685778779	0.497409711611296	0.015463695664211	0.000883545901883784
Dryad_MT3_CAF_ATCCCTGCAAACTAAG	0.124865850040977	0.0836248259083223	0.411549384804664	0.375711562119375	0.00236870066151913	0.00187967646514204
Dryad_MT3_CAF_TCACATTCAGAGCCCT	9.36476470488567e-05	0.000116588966667127	0.000480198928657966	0.341798385006617	0.186702589377598	0.470808590073411
Dryad_MT3_CAF_AATGGCTCATTCAGGT	0.000103071169934298	0.000156296841662614	0.51348380036194	0.457859733205224	0.0270510193968808	0.00134607902435811
Dryad_MT3_CAF_GGGAGTATCGCCGAAC	0.0018489696263344	0.0487056343543146	0.141082280569089	0.762370225500902	7.34107487943528e-05	0.0459194792005649
Dryad_MT3_CAF_AATCGTGCATCATTTC	0.000678388444278064	0.000469146488190798	0.411800237421715	0.288602619049801	0.151730848629064	0.146718759966951
Dryad_MT3_CAF_AATGGAACAATGAACA	0.0663923135622536	8.11362104857132e-05	0.87001836690743	0.0632649008479846	8.88242613004545e-08	0.000243193647585323
Dryad_MT3_CAF_CAGCGTGCACGGTGCT	0.193046014723825	0.0697855691441226	0.109782003497454	0.622534455106082	0.000314015778338461	0.0045379417501772
Dryad_MT3_CAF_TACCTGCTCCTCTAGC	0.0111132898671952	0.143809294301058	0.294787243489393	0.542192484117007	0.00175741833279672	0.00634026989255014
Dryad_MT3_CAF_CATGGTATCCGACGGT	3.67713793566231e-05	5.4117036469455e-05	0.740302577878759	0.207412629273524	0.051909620403221	0.000284284028670487
Dryad_MT3_CAF_AGGGCTCTCCATTTCA	0.0743325971717492	0.021576088772637	0.0167247986622857	0.81559203768633	0.0580367647190902	0.0137377129879078
Dryad_MT3_CAF_TCTTCCTGTGGTAACG	0.0353077984249313	0.0447324277729621	6.82097096442876e-05	0.749833649251582	0.0577819354666703	0.11227597937421
Dryad_MT3_CAF_ACGATCAGTACCGTCG	0.000152906971334358	0.000655661410330381	0.133063223563608	0.800914302829347	0.0303775446722389	0.0348363605531414
Dryad_MT3_CAF_CCTCTAGTCGCATGAT	0.0014357233517624	0.087067215545499	0.0816712059754364	0.794998550418662	0.000123947924490698	0.0347033567841497
Dryad_MT3_CAF_AACCTGATCGGCTGGT	0.0695692917789396	0.0497172645753802	8.39245388699622e-05	0.879972890285161	4.13989997091387e-05	0.000615229821940366
Dryad_MT3_CAF_TCATCCGTCCAACCGG	0.0594043287823668	0.024880092675932	8.48214075319073e-05	0.806043860836187	0.0536533856921554	0.055933510605827
Dryad_MT3_CAF_ATCCCTGTCTTCCAGC	0.167085345164672	8.1307132199362e-05	0.000166508214333507	0.798293567196528	0.0297322348359683	0.00464103745629872
Dryad_MT3_CAF_GGTAACTCACTGCGTG	0.000680449951470164	0.000382107898289068	0.000306544283023708	0.965509315718725	0.00149196087848182	0.0316296212700108
Dryad_MT3_CAF_GACTATGGTCTTACTT	0.122497418728767	9.75278031436009e-05	0.0331262379999887	0.843793619463645	9.00622320911713e-05	0.000395133772363611
Dryad_MT3_CAF_ATACCGAAGCACCCAC	0.000314663650326055	0.000231810301670116	0.20972517754822	0.235708176377045	0.133610141625894	0.420410030496845
Dryad_MT3_CAF_AAGCATCGTCCCTGTT	0.0199889792570381	0.000975508208213856	0.131096888300957	0.819608152872988	0.000687187142620736	0.0276432842181825
Dryad_MT3_CAF_CATTCTACAGCTCGGT	0.000142659902411515	0.000275939332321686	0.451409106623492	0.441842166723029	0.0724359987216063	0.0338941286971392
Dryad_MT3_CAF_CTAAGTGCATGACTTG	0.0139759107263594	6.04547755226572e-05	0.556249366715175	0.429501750506995	1.27996279214008e-05	0.000199717648026409
Dryad_MT3_CAF_AAAGGGCCATCTAACG	5.71501976265652e-05	0.0380267491877751	0.195742999945542	0.765765789592972	0.000134451854970517	0.00027285922111368
Dryad_MT3_CAF_CAAGGGACAAAGGGCT	0.000714222658521022	0.0640857474772354	0.328161288288211	0.606939505296807	6.66094492545617e-06	9.25753342999407e-05
Dryad_MT3_CAF_TTCCACGCATCGTCCT	0.298817057215424	0.00240403948706434	0.000168198004117783	0.664394058934448	0.000120957749034778	0.0340956886099108
Dryad_MT3_CAF_ACATTTCAGGTCATTC	0.0333812639546518	0.0543077412883695	0.00409316732943202	0.907703237132807	6.87855771106519e-05	0.000445804717629184
Dryad_MT3_CAF_ATAGAGAAGGATTACA	0.000113688154471889	9.58004411094939e-05	0.496823130797087	0.000569953854693952	0.182397426141587	0.320000000611051
Dryad_MT3_CAF_ACTTTCATCTGTAAGC	0.00121241345335042	0.120677715621478	0.043683918541964	0.763934724790742	0.0121449585711983	0.0583462690212679
Dryad_MT3_CAF_GATCAGTTCCCTTGTG	8.80664351160435e-05	8.51613635633461e-05	0.669362664663362	0.330314589458418	2.04678587976318e-05	0.000129050220742843
Dryad_MT3_CAF_GAGTGAGTCCCTGGTT	0.000107142083099264	0.0177442851865394	0.113004651746845	0.823464346214042	0.030486453859372	0.0151931209101026
Dryad_MT3_CAF_GGGATGACACGGTGTC	0.000118327944054736	6.97765115300282e-05	0.155915520434872	0.843761605407663	1.23794536523673e-05	0.000122390248228206
Dryad_MT3_CAF_GTCAGCGGTAAGTTAG	0.1420710650252	0.102097308211778	0.024330710081159	0.730986511862743	3.40728724847466e-05	0.00048033194663512
Dryad_MT3_CAF_TGTTCTATCTAGCATG	0.000156404338435726	0.00015218451733166	0.0382087786657533	0.207731403501512	0.521900412236095	0.231850816740872
Dryad_MT3_CAF_CTTCTAACACTCCGAG	0.158261480341527	2.66057167391861e-05	0.0845801981431153	0.756944731533028	5.92021743981513e-05	0.000127782091192002
Dryad_MT3_CAF_GTCTAGAGTAGGAGGG	0.193360302439201	2.28490064773586e-05	0.110492264684225	0.6960559654914	5.49579359792862e-06	6.31225850988819e-05
Dryad_MT3_CAF_CAATTTCTCTTGGGCG	0.000200295334101326	0.0388998556191161	0.227464792301602	0.648927600987525	0.0427178770124801	0.0417895787451752
Dryad_MT3_CAF_ACGCACGCATTCACAG	0.128997270547869	0.0516871855987643	0.0260767976924876	0.718393335859002	0.000205948966236464	0.0746394613356409
Dryad_MT3_CAF_CTACTATTCTGTGCAA	0.13589247177807	0.00139893991127538	0.62613445055764	0.000422309104311116	0.125142051515219	0.111009777133485
Dryad_MT3_CAF_TCATGGACAACTCGAT	0.251695708875161	0.000356599233284139	1.75953885695385e-05	0.69626849874325	0.00728083046690988	0.0443807672928254
Dryad_MT3_CAF_CGGCAGTTCTCGGCTT	0.0145883353336012	0.000362565075911073	0.54830880617636	0.00077980155138829	0.0956735754168747	0.340286916445864
Dryad_MT3_CAF_CCGAACGGTTAGAGAT	0.0862132267413345	0.108474449262725	0.000330308932050918	0.789570489447602	7.25106079722443e-05	0.0153390150083152
Dryad_MT3_CAF_ATATCCTTCGTTAGAC	0.000133415292938801	0.000294326879571197	0.00811109007299252	0.918921410253766	0.0570275303568178	0.0155122271439139
Dryad_MT3_CAF_CGTAAGTGTGGTCTGC	0.187960388684052	0.0401689246757414	7.40429896596268e-05	0.74198519554468	3.99655369809715e-05	0.0297714825688857
Dryad_MT3_CAF_GCTGCAGCAGGTTCCG	0.0373853903411735	0.0470846455305179	0.545130232816658	0.370175594398425	1.24835076627048e-05	0.000211653405562669
Dryad_normal_mammary_CTTTCGGCAGTGGGTA	0.659695434106506	0.0818379146096308	0.0001350121621454	0.256552087433415	0.000236737501206605	0.00154281418709586
Dryad_normal_mammary_ACTTTCATCCTCACTG	0.438556523434098	0.291995928390709	0.116061804056646	0.0873357434766846	0.0472927165864864	0.0187572840553768
Dryad_normal_mammary_TGCATCCGTGCTCGTG	0.458702800865955	0.201919774456495	0.279778781418935	0.000171921410318855	0.0248354140007991	0.0345913078474959
Dryad_normal_mammary_CCTGTTGGTACTTGTG	0.499823558694764	0.317250626533961	0.078206555240351	0.0985230790762122	0.00558518965154911	0.000610990803162753
Dryad_normal_mammary_AGGGAGTAGTAGGATT	0.811979673941299	0.030218616673355	0.00031185072768692	0.146541960381886	0.00732843714337631	0.00361946113239662
Dryad_normal_mammary_GTCTCACAGATAGCTA	0.205262469019712	0.000340202452290382	0.0748747810226396	0.000124490851655586	0.2095678239003	0.509830232753403
Dryad_normal_mammary_TAGGTTGGTACGAGCA	0.304311748997644	0.487766513963633	0.0514671688010746	0.121218883842649	0.0347191235985598	0.000516560796438526
Dryad_normal_mammary_ACCAACACAATGGCCC	0.517660804485701	0.029090470088853	0.156257722716777	0.000166390896157844	0.106953466689984	0.189871145122528
Dryad_normal_mammary_TGAGCATCAGTTCTAG	0.666055364007765	0.154048004853393	0.0360250089060421	0.124378582815563	0.0190004150184983	0.000492624398739033
Dryad_normal_mammary_AGAACCTGTATTCCGA	0.50569261013059	0.056298810383843	0.21353730596803	0.000172614184407898	0.173405948853404	0.050892710479725
Dryad_normal_mammary_TGTTCTAGTTGTCATG	0.389828070000087	0.0456127830660979	9.09530300171448e-05	0.213542774693066	0.0588595772300735	0.292065841980658
Dryad_normal_mammary_TCCTAATTCTTACTGT	0.156009302202424	0.550836585153109	0.0974752222243729	0.113073313413523	0.0488548570220888	0.0337507199844822
Dryad_normal_mammary_GTAACCAGTGGTCAAG	0.717145434931473	0.000135050944893507	0.28263031418636	6.24522764263346e-05	2.95218230502342e-11	2.6747631324974e-05
Dryad_normal_mammary_TTAGGGTCATCGAACT	0.411783547997256	0.279870765162723	0.27909745836749	8.58463695117801e-05	0.0288278750817908	0.000334507021228251
Dryad_normal_mammary_TACCGAAGTAGACAAT	0.903380857358797	0.000134326161002881	0.024600395159292	0.0578534532601961	0.0120226605657512	0.00200830749496114
Dryad_normal_mammary_TCTGCCACACCTCGTT	0.236091585290768	0.000161946611607969	0.000235298620236541	0.178610522884393	0.416038315793376	0.168862330799618
Dryad_normal_mammary_ACGTAACCAACGGTAG	0.501123705048225	0.229853544181592	2.20352214073508e-05	0.160635977314354	0.1078113744939	0.000553363740521635
Dryad_normal_mammary_GCGGAAACACTCAGAT	0.783460995256932	0.0714682067131803	0.115443587994445	0.0275489971635908	7.56273325007605e-05	0.0020025855393516
Dryad_normal_mammary_AGATCCATCTCGTTTA	0.444265331343493	0.308362388873071	0.0705775177024286	0.159432585299535	0.0157797200338352	0.00158245674763639
Dryad_normal_mammary_TTGGGATGTTCTCGTC	0.294625076245837	0.511862033091656	0.042838020209975	0.0840975888469889	0.0143942207342317	0.0521830608713114
Dryad_normal_mammary_TACTTCAGTTGGCCTG	0.401708370278403	0.30992072035546	0.0403998388374393	0.129771757934552	0.116910037029671	0.00128927556447566
Dryad_normal_mammary_AGGCTGCGTCTGTAGT	0.394108842142476	0.487289152854435	0.0578713548321016	0.0282317062927206	8.7343099317151e-05	0.0324116007789498
Dryad_normal_mammary_AAAGGTACACATTACG	0.571737017836213	0.270767024698447	0.0745775134135642	0.082513128340349	2.7167065751839e-05	0.000378148645674224
Dryad_normal_mammary_GGCACGTCACCATAAC	0.660242458636998	0.172523202764694	0.0324157361985291	0.134490939713328	3.57639022526013e-05	0.000291898784197699
Dryad_normal_mammary_ATTTCACAGGGTTAAT	0.49599335524912	0.33706886433116	0.00487832328557475	0.109910527745278	0.021731516964286	0.0304174124245811
Dryad_normal_mammary_CATGCAAGTCCGTACG	0.85706558713145	0.000126973907975383	0.0924492802135974	0.000327256846485749	0.030695142781538	0.0193357591189539
Dryad_normal_mammary_GTTCGCTCAAAGTGTA	0.817596602031146	0.0161060160327656	0.00796403092667776	0.148725669413007	0.00155956382883799	0.00804811776756499
Dryad_normal_mammary_TAGTGCAAGATTACCC	0.366770961788094	0.441088345843932	0.0338286099412129	0.135847806002808	0.000133517823995508	0.0223307585999578
Dryad_normal_mammary_GTGCAGCCACACGCCA	0.000686238806656412	0.416118096681942	0.000226635720401884	0.318800427619651	0.0873856014847683	0.176782999686581
Dryad_normal_mammary_TCGTAGATCGTAGTCA	0.376169801199708	0.295240566698647	0.0113964274321833	0.293876679348	0.000154020544985697	0.0231625047764771
Dryad_normal_mammary_TGTACAGGTTAAGGGC	0.214553984523077	0.000190846805251466	0.170336206135815	0.0927666104245966	0.409177206624904	0.112975145486356
Dryad_normal_mammary_ACTTCGCTCATGCCCT	0.257908074428591	0.489170935948472	0.0196865332764225	0.192809383551566	0.00709801155832314	0.0333270612366244
Dryad_normal_mammary_AGGGTGACACCGTGAC	0.327878440471413	0.5504687758854	0.000139819458601697	0.120545789133304	4.19754154499193e-05	0.000925199635830749
Dryad_normal_mammary_TGAATGCAGACGCAGT	0.386955355801483	0.437512132690352	0.020493541033639	0.123554734098354	4.36631876583239e-05	0.031440573188514
Dryad_normal_mammary_CCACGAGTCATCCCGT	0.820705891889163	5.84221540540021e-05	0.0183324129928837	0.109386925530943	0.0275339599858527	0.0239823874471035
Dryad_normal_mammary_CCGTGAGGTCTGCCTT	0.359105531616702	0.0175802995375049	0.00156604325778026	0.000209972828162107	0.362337571856684	0.259200580903166
Dryad_normal_mammary_TGAGGTTTCTTGAGCA	0.411966189568655	0.0352405064643068	0.000240702678311093	0.0557416788024067	0.372145091904822	0.124665830581498
Dryad_normal_mammary_CCCATTGGTTGAGTCT	0.218298617772101	0.23819676598893	0.000420348868278961	0.285317559835718	0.105317082478488	0.152449625056484
Dryad_normal_mammary_GTGTTAGGTCAAAGAT	0.000206914642039795	0.702498454971585	0.0347569821099219	0.244560375617653	0.0172986739061979	0.000678598752601913
Dryad_normal_mammary_CGGAATTTCTACCAGA	0.286077170245162	0.437117831648983	0.00109463530858457	0.237228846163808	0.000426348509583839	0.0380551681238793
Dryad_normal_mammary_CATGGATGTCCAGCCA	0.859053864726156	1.80080751687938e-05	0.100008032127114	0.0405476809741308	6.31589683132953e-05	0.000309255129116972
Dryad_normal_mammary_GAATAGACAGACACCC	0.858204546138105	4.84363356885689e-05	0.000115400396148471	0.141484305961094	1.20490570207015e-05	0.00013526211194373
Dryad_normal_mammary_ACCGTTCTCCGAAGGA	0.483370663441702	0.33261944853062	0.0175482771462662	0.164611531997622	9.92068919746705e-05	0.00175087199181613
Dryad_normal_mammary_ATGGATCAGACATAAC	0.564700667664041	0.22754112897782	0.000170272502636901	0.16862420176842	0.0268667639157147	0.012096965171368
Dryad_normal_mammary_ATGGTTGGTCCAACGC	0.708895700047024	6.87958919196088e-06	0.00289077677867954	0.288162571184942	1.93220826136392e-06	4.21401919012135e-05
Dryad_normal_mammary_GTGCGTGCACGTCTCT	0.898082691269087	0.000789727448445048	0.00402708491126098	0.0743072596524301	0.000220362320672894	0.0225728743981039
Dryad_normal_mammary_GTAGGAGTCCACAAGT	0.0618238564534942	0.450180792427776	0.00227870830092808	0.000359244967162838	0.25194897508134	0.2334084227693
Dryad_normal_mammary_TCGAAGTGTCATCTAG	0.24959917832089	0.62874385694613	0.000232638298218555	0.0784953170243327	0.0118284834450902	0.0311005259653384
Dryad_normal_mammary_GCCATGGTCTGATGGT	0.903797741812692	0.0475061214008092	9.94048607855624e-05	0.000133531235757616	0.00477925412564895	0.0436839465643069
Dryad_normal_mammary_TATCCTAAGGTGCTAG	0.791999025905668	0.000182640380728144	0.0303901685572356	0.137579444092417	0.000188726572769958	0.0396599944911805
Dryad_normal_mammary_AGACTCACATCGCTCT	0.483216839498015	0.389450342053729	0.0237281430638275	0.0757802882468047	5.4797297797791e-05	0.0277695898398258
Dryad_normal_mammary_AGAGCAGAGTATGGAT	0.925426561124453	8.03820719665822e-05	0.000105744352196244	0.0742497757924969	1.76886827211815e-05	0.000119847976166499
Dryad_normal_mammary_AGGTCATCAAAGTATG	0.00076301978746102	0.487215278609913	0.000228978192901669	0.130240537892125	0.157028555619424	0.224523629898175
Dryad_normal_mammary_GATGGAGCAAGCGCTC	0.480069031187376	0.0742401717374874	0.000744082013905345	0.139382331702605	0.170375169116922	0.135189214241704
Dryad_normal_mammary_CATGGATCATCGCTCT	0.560849574825337	0.180083671370265	0.000198519184043205	0.0643666492377585	0.1176631200697	0.0768384653128956
Dryad_normal_mammary_CATTCTAGTGTCCTAA	0.12796552902519	0.271149882028716	0.000388559243558861	0.109192172140996	0.124970929825906	0.366332927735634
Dryad_normal_mammary_AACGAAAAGCTCACTA	0.000192988564359545	0.487786276727037	0.0001505036464269	0.179812021748891	0.0604977137939501	0.271560495519335
Dryad_normal_mammary_CCTCTCCCAGCACCCA	0.82051218839238	0.000158355661778069	0.0798932737153368	0.000303188138521053	0.0697943887918997	0.0293386053000845
Dryad_normal_mammary_AGTCAACGTGAGCTCC	0.723670464427913	0.123674203568112	0.000171231509159502	0.145106892988082	0.000260624873795269	0.00711658263293702
Dryad_normal_mammary_TGCATGATCCAAGCTA	0.0422386461630482	0.0889244831155453	0.18501102841255	0.0410755454608697	0.494349860812382	0.148400436035605
Dryad_normal_mammary_CTCCACACACATGAAA	0.733068789293952	0.107868873826383	0.0343507337802745	0.0907117611001023	0.0124131858254018	0.0215866561738861
Dryad_normal_mammary_TTCCTCTAGAGCTGAC	0.22760647427636	0.490141628706312	6.14213160005639e-05	0.260872234620299	0.0205490351132408	0.000769205967787183
Dryad_normal_mammary_CATTCCGAGTGAGTGC	0.373467394703545	0.00029056016412223	0.000115489207675452	0.248645461768947	0.108162665946059	0.269318428209652
Dryad_normal_mammary_ATCAGGTCAATTGCTG	0.00147050319878419	0.414258663055536	0.000612519743681067	0.0758021735608007	0.169140503508177	0.338715636933022
Dryad_normal_mammary_TACTGCCGTAGGAGGG	0.90059577246017	3.71659568811414e-07	6.48932280170761e-05	0.099268552970503	4.9242094137772e-06	6.54854723267925e-05
Dryad_normal_mammary_TCAGGGCCAAGGTTGG	0.348587987199705	0.57570581101932	0.00050313380421475	0.0054823361911021	0.000198983022519428	0.069521748763138
Dryad_normal_mammary_TCTTGCGCAGCACCCA	0.42492035759516	0.369781370468168	0.000132183422313387	0.12160574085144	0.0780174374864356	0.00554291017648337
Dryad_normal_mammary_AGAGCCCGTGCACGCT	0.702693344755338	0.0692422718971693	0.02512561710022	0.186347715631625	0.0152009223760718	0.00139012823957607
Dryad_normal_mammary_CTTCAATCAACCACAT	0.628564111138797	0.0578683422229585	0.000123607924556166	0.267352728858315	0.0457607611851252	0.000330448670248927
Dryad_normal_mammary_CCTTGTGGTAGTCACT	0.765979038795568	0.0466639714873012	0.0936128744104545	0.000571332712314553	0.0927778097932199	0.000394972801141363
Dryad_normal_mammary_GCACGGTGTGTACAGG	0.210639741898201	0.576033991566019	0.000247174960707992	0.161168417458959	0.000204035317292626	0.0517066387988204
Dryad_normal_mammary_TCCGAAAGTTTACACG	0.886996370041956	2.53176619114931e-05	0.11283535071688	7.01011142832662e-05	8.57126773137554e-06	6.42891972381198e-05
Dryad_normal_mammary_AACCACAGTAGAGACC	0.835561316781955	7.49051553984536e-05	0.0619027930570852	0.0998144131111433	4.5135801452806e-05	0.00260143609296485
Dryad_normal_mammary_CATAGACGTTGTGGAG	0.333890102018278	0.567642732755823	0.0973488619897483	0.000711390774640943	3.36790609030133e-05	0.000373233400606973
Dryad_normal_mammary_AGCGCCAGTGTCGATT	0.489196012195865	0.345959429798387	0.000369370802194427	0.139431215220853	5.49742084153421e-05	0.0249889977742857
Dryad_normal_mammary_TCACTATGTGGCACTC	0.380172304096863	0.374517622750377	0.0766100863111151	0.160399629046387	0.000114978158664456	0.0081853796365933
Dryad_normal_mammary_GCCAGGTCACGACAGA	0.226398297517703	0.000260002942497337	0.00043475658719333	0.233908374609506	0.359889027151009	0.179109541192091
Dryad_normal_mammary_GACCCAGAGAGTGTGC	0.317940076922139	0.43948645115843	0.000184196199181267	0.197679754235635	0.0435286214656115	0.00118090001900404
Dryad_normal_mammary_GCACATATCAAATGCC	0.490759727094185	0.131832624261852	0.176142290265929	8.56583931786157e-05	0.152135483943971	0.0490442160408851
Dryad_normal_mammary_CTAACCCGTCGATTCA	0.443781908440735	0.289078043910559	0.0839245678366202	0.110885373644035	0.000370647776653205	0.0719594583913967
Dryad_normal_mammary_ACCAACACAAACTAGA	0.529457366506683	0.238332714309075	0.0875593882325513	0.112691914200758	0.0308430949984316	0.00111552175250169
Dryad_normal_mammary_CGATCGGAGAAAGTCT	0.303447668155796	0.54567385410502	0.0433387230584237	0.0644003336823174	0.0123275202633401	0.0308119007351022
Dryad_normal_mammary_GAAGGACAGTACAACA	0.285101305744213	0.0268903714450207	0.000616386390100828	0.00255123884820236	0.587639342209472	0.0972013553629911
Dryad_normal_mammary_CAGGCCAGTACTGACT	0.02410654660831	0.0768587679660282	0.000327336693878131	0.28403224831754	0.415217288702023	0.199457811712221
Dryad_normal_mammary_CGTAATGTCCTACAAG	0.185510548300245	0.000747863450247754	0.0916984173285948	0.000532157607270324	0.452730806618361	0.268780206695281
Dryad_normal_mammary_TCTCCGAGTGGGCTCT	0.000413318294724623	0.146555297905264	0.131559689414113	0.000704461469220914	0.677717988376674	0.0430492445400034
Dryad_normal_mammary_TTCAATCCACCGTGAC	0.000709576376863335	0.324304142777041	0.000186795169404695	0.000365093670442662	0.37551107171128	0.298923320294968
Dryad_normal_mammary_ACATGCAGTCGTTGGC	0.257954421315161	0.528108253208998	0.0854006702803612	0.128190026976411	2.04521281101075e-05	0.000326176090958748
Dryad_normal_mammary_CGCATGGCAAGGCCTC	0.714841187570659	0.0750290421732285	0.000143904062150195	0.103636199734072	0.0583795044929639	0.0479701619669268
Dryad_normal_mammary_GGAGAACGTATGGGAC	0.614076961680081	0.203419947401509	0.0599290027649353	0.122377850916029	4.51485400537705e-06	0.000191722383440446
Dryad_normal_mammary_AGTGTTGTCGGAGATG	0.57338882240532	0.171764154253312	0.0246143178264683	0.184503395696572	0.0281358558594574	0.0175934539588694
Dryad_normal_mammary_CGGGCATCAGTAGGAC	0.136352060329316	0.641212008943409	0.0323677056546617	0.130301186679879	0.0124161849612272	0.0473508534315072
Dryad_normal_mammary_GAGACCCTCCTACCAC	0.605556975808832	0.291052443221388	0.0321191399372983	0.000493585067483107	0.0170642337369665	0.0537136222280321
Dryad_normal_mammary_GTTAGTGGTAGATCGG	0.0310849269929133	0.461562691645935	0.00189706699204509	0.00171224897997404	0.163154497999712	0.34058856738942
Dryad_normal_mammary_GTGCTTCCAACACTAC	0.691714434049577	2.86484841559936e-05	0.000101075637028364	0.308031533532484	1.43075866071611e-05	0.000110000710147553
Dryad_normal_mammary_CCGAACGAGATCCCGC	0.709346421075341	0.140813688014523	0.0307635436869746	0.110844645189266	0.00381579974407217	0.00441590228982425
Dryad_normal_mammary_GACTTCCAGACCGCCT	0.35430812672648	0.397440118910926	0.0751576806079413	0.170700521381775	0.00122071418203617	0.0011728381908405
Dryad_normal_mammary_TAATTCCCAAGAATGT	0.322738246776965	0.472473494264948	0.0692439857794242	0.128909859685806	0.00587872226234613	0.000755691230510149
Dryad_normal_mammary_TTCCGTGAGCAACTTC	0.0587716894858823	0.0127660940110081	0.0254052060224419	0.0380506036354218	0.580483392706378	0.284523014138867
Dryad_normal_mammary_TAATTCCGTGAGCAGT	0.126190826768775	0.15775330693558	0.0229765488429886	0.0207260397524849	0.408436338032518	0.263916939667653
Dryad_normal_mammary_TCCTCTTGTGGCAACA	0.276944649383189	0.447755440481491	0.00124128795510817	0.165113106443594	0.00721338162964914	0.101732134106968
Dryad_normal_mammary_ACCATTTCAGCGACAA	0.479443887186558	0.351499289214793	0.000871999191583299	0.0307597499985352	0.105093170048138	0.0323319043603922
Dryad_normal_mammary_TGCTGAAGTATTTCTC	0.890783702562063	0.000555425675482017	0.0398523698131215	0.000229692673975835	0.0483607699380265	0.0202180393373315
Dryad_normal_mammary_ATTATCCTCGGAGCAA	0.95562651684353	3.92199315325108e-05	0.0432544257305114	0.000462072025614965	9.26939668523728e-05	0.00052507150195834
Dryad_normal_mammary_TCACTCGAGAAGGATG	0.633547889978236	0.00104768686679104	0.000118102502953593	0.172014875487788	0.106651860169669	0.0866195849945625
Dryad_normal_mammary_CATCCCAGTTCTCAGA	0.000145110047427478	0.125435295804746	2.06392799481853e-05	0.116871925444862	0.757002703327743	0.000524326095273751
Dryad_normal_mammary_AGTAGTCTCATCGCAA	0.264815012716116	0.6450377597415	0.000172702244221935	0.0713859442252754	0.0131151761596969	0.00547340491318912
Dryad_normal_mammary_GGTGGCTAGTTCCTGA	0.344140971919536	0.482912816021028	0.144507064631467	0.0210499428251014	0.00111273875241413	0.006276465850454
Dryad_normal_mammary_GATCCCTAGCACCTGC	0.489670457839198	0.291001450030132	0.0883362641810394	0.0754408009249196	0.041721719145957	0.013829307878754
Dryad_normal_mammary_GGGTATTTCATGTCAG	0.000375712066308367	0.214716583114307	0.0663856099615637	0.000956211373655533	0.684818700865724	0.0327471826184413
Dryad_normal_mammary_GTCGAATCACTTGTGA	0.21513698624945	0.294688825399426	0.000403968346873327	0.0415761031378688	0.271884232341276	0.176309884525106
Dryad_normal_mammary_TTTAGTCCATAAGCGG	0.539567205616753	0.000148459552072179	0.000411870124582552	0.0245082702444837	0.269893570497745	0.165470623964363
Dryad_normal_mammary_CAATGACCAACTTGGT	0.715492281659924	0.000945020891768229	0.0236681978524647	0.19111600215992	0.00808495497497804	0.060693542460945
Dryad_normal_mammary_GACCAATCAAGGTACG	0.556474738292716	0.0876278865723188	0.199231941648011	0.000178284321600509	0.0526442978564291	0.103842851308924
Dryad_normal_mammary_TTTACGTTCCGCTGTT	0.495398350651322	0.365759301385031	0.00021470451647679	0.138489563616457	7.42155371964512e-06	0.000130658276993843
Dryad_normal_mammary_TGTTGAGCACTATGTG	0.240015910039651	0.387587358689756	0.183327001266728	0.188995735309771	6.26950793155408e-06	6.77251861623621e-05
Dryad_normal_mammary_CGGGACTTCGTCGCTT	0.000896146766078099	0.168937008023324	0.000284529468930939	0.126857896155115	0.104559751893378	0.598464667693174
Dryad_normal_mammary_TTCCTAAGTACTAAGA	0.765118230220636	0.121417273013104	0.000179046964306307	0.104410138408061	5.01996685937487e-05	0.00882511172529997
Dryad_normal_mammary_GTACAGTGTGAAGCGT	0.0776133785673911	0.701541693878004	0.000230392115471666	0.15799788738935	0.0196032353732433	0.0430134126765396
Dryad_normal_mammary_CATCCACTCGATTGAC	0.814504246409615	0.00204406226967591	0.000861747625598788	0.155612640183202	6.80879056152859e-05	0.026909215606293
